  ***** Calculate block averages ************
   number of averages            3
 block data     1   0.143995   0.000347   0.000436
 block data     2   0.159619   0.000379   0.000476
 block data     3   0.180139   0.000454   0.000560
 block data     4   0.169801   0.000407   0.000512
 block data     5   0.136525   0.000325   0.000408
 block data     6   0.170416   0.000421   0.000532
 block data     7   0.165734   0.000389   0.000488
 block data     8   0.175680   0.000438   0.000560
 block data     9   0.171161   0.000420   0.000528
 block data    10   0.182474   0.000436   0.000548
 block data    11   0.149394   0.000358   0.000452
 block data    12   0.158128   0.000381   0.000484
 block data    13   0.173006   0.000413   0.000516
 block data    14   0.160089   0.000391   0.000496
 block data    15   0.164334   0.000393   0.000496
 block data    16   0.190186   0.000446   0.000560
 block data    17   0.192894   0.000481   0.000604
 block data    18   0.145977   0.000345   0.000436
 block data    19   0.140601   0.000334   0.000420
 block data    20   0.154832   0.000371   0.000468
 ###### energy        0.16424923         0.16248938
 ###### press         0.00039640         0.00039734
 ###### dens          0.00049900         0.00049764
   number of blocks        50000
         0   0.0032   0.0000   0.0000   0.0000   0.0000   0.0000
         1   0.0032   0.0000   0.0000   0.0000   0.0000   0.0000
         2   0.0032   0.0000   0.0000   0.0000   0.0000   0.0000
         3   0.0032   0.0000   0.0000   0.0000   0.0000   0.0000
         4   0.0032   0.0000   0.0000   0.0000   0.0000   0.0000
         5   0.0033   0.0001   0.0000   0.0000   0.0000   0.0000
         6   0.0033   0.0001   0.0000   0.0000   0.0000   0.0000
         7   0.0033   0.0001   0.0000   0.0000   0.0000   0.0000
         8   0.0034   0.0002   0.0000   0.0000   0.0000   0.0000
         9   0.0036   0.0003   0.0000   0.0000   0.0000   0.0000
        10   0.0036   0.0004   0.0000   0.0000   0.0000   0.0000
        11   0.0036   0.0005   0.0000   0.0000   0.0000   0.0000
        12   0.0032   0.0007   0.0000   0.0000   0.0000   0.0000
        13   0.0028   0.0009   0.0000   0.0000   0.0000   0.0000
        14   0.0017   0.0009   0.0000   0.0000   0.0000   0.0000
