  ***** Calculate block averages ************
   number of averages            3
 block data     1   0.679733   0.001934   0.002488
 block data     2   0.677949   0.001943   0.002520
 block data     3   0.669800   0.001909   0.002376
 block data     4   0.686540   0.001936   0.002456
 block data     5   0.713198   0.002004   0.002564
 block data     6   0.699535   0.002062   0.002528
 block data     7   0.732904   0.002071   0.002672
 block data     8   0.729985   0.002047   0.002652
 block data     9   0.705797   0.001988   0.002512
 block data    10   0.632020   0.001838   0.002356
 block data    11   0.686062   0.001925   0.002444
 block data    12   0.732662   0.002063   0.002620
 block data    13   0.680505   0.001883   0.002416
 block data    14   0.676783   0.001883   0.002400
 block data    15   0.709710   0.002033   0.002628
 block data    16   0.684902   0.002032   0.002516
 block data    17   0.664564   0.001971   0.002460
 block data    18   0.706407   0.001984   0.002548
 block data    19   0.721704   0.001962   0.002484
 block data    20   0.697020   0.002012   0.002572
 ###### energy        0.69438905         0.29977339
 ###### press         0.00197398         0.00093765
 ###### dens          0.00251060         0.00113593
   number of blocks        50000
         0   0.0060   0.0000   0.0000   0.0000   0.0000   0.0000
         1   0.0060   0.0000   0.0000   0.0000   0.0000   0.0000
         2   0.0060   0.0000   0.0000   0.0000   0.0000   0.0000
         3   0.0060   0.0001   0.0000   0.0000   0.0000   0.0000
         4   0.0059   0.0001   0.0000   0.0000   0.0000   0.0000
         5   0.0059   0.0001   0.0000   0.0000   0.0000   0.0000
         6   0.0058   0.0001   0.0000   0.0000   0.0000   0.0000
         7   0.0056   0.0002   0.0000   0.0000   0.0000   0.0000
         8   0.0056   0.0003   0.0000   0.0000   0.0000   0.0000
         9   0.0058   0.0004   0.0000   0.0000   0.0000   0.0000
        10   0.0058   0.0006   0.0000   0.0000   0.0000   0.0000
        11   0.0059   0.0009   0.0000   0.0000   0.0000   0.0000
        12   0.0063   0.0013   0.0000   0.0000   0.0000   0.0000
        13   0.0041   0.0013   0.0000   0.0000   0.0000   0.0000
        14   0.0011   0.0005   0.0000   0.0000   0.0000   0.0000
