  ***** Calculate block averages ************
   number of averages            3
 block data     1   0.859564   0.002743   0.003496
 block data     2   0.892796   0.002860   0.003664
 block data     3   0.875619   0.002748   0.003536
 block data     4   0.869402   0.002637   0.003412
 block data     5   0.933465   0.002874   0.003668
 block data     6   0.919199   0.002880   0.003588
 block data     7   0.899714   0.002711   0.003508
 block data     8   0.907345   0.002810   0.003588
 block data     9   0.907436   0.002850   0.003624
 block data    10   0.979441   0.003106   0.003924
 block data    11   0.877358   0.002672   0.003336
 block data    12   0.876181   0.002804   0.003564
 block data    13   0.897463   0.002676   0.003420
 block data    14   0.931819   0.003018   0.003736
 block data    15   0.914475   0.002706   0.003416
 block data    16   0.870672   0.002610   0.003364
 block data    17   0.917753   0.002908   0.003728
 block data    18   0.913122   0.002941   0.003724
 block data    19   0.923476   0.002882   0.003632
 block data    20   0.880489   0.002857   0.003556
 ###### energy        0.90233934         0.32404867
 ###### press         0.00281464         0.00116134
 ###### dens          0.00357420         0.00136490
   number of blocks        50000
         0   0.0065   0.0000   0.0000   0.0000   0.0000   0.0000
         1   0.0065   0.0000   0.0000   0.0000   0.0000   0.0000
         2   0.0064   0.0000   0.0000   0.0000   0.0000   0.0000
         3   0.0064   0.0001   0.0000   0.0000   0.0000   0.0000
         4   0.0064   0.0001   0.0000   0.0000   0.0000   0.0000
         5   0.0063   0.0001   0.0000   0.0000   0.0000   0.0000
         6   0.0062   0.0002   0.0000   0.0000   0.0000   0.0000
         7   0.0058   0.0002   0.0000   0.0000   0.0000   0.0000
         8   0.0058   0.0003   0.0000   0.0000   0.0000   0.0000
         9   0.0060   0.0004   0.0000   0.0000   0.0000   0.0000
        10   0.0061   0.0006   0.0000   0.0000   0.0000   0.0000
        11   0.0066   0.0010   0.0000   0.0000   0.0000   0.0000
        12   0.0078   0.0017   0.0000   0.0000   0.0000   0.0000
        13   0.0089   0.0028   0.0000   0.0000   0.0000   0.0000
        14   0.0058   0.0029   0.0000   0.0000   0.0000   0.0000
