  ***** Calculate block averages ************
   number of averages            3
 block data     1   1.040219   0.003472   0.004424
 block data     2   1.044578   0.003471   0.004456
 block data     3   0.998633   0.003206   0.004176
 block data     4   1.043056   0.003256   0.004192
 block data     5   1.004186   0.003371   0.004312
 block data     6   1.048425   0.003423   0.004332
 block data     7   1.060237   0.003449   0.004420
 block data     8   1.066066   0.003549   0.004516
 block data     9   1.042367   0.003512   0.004500
 block data    10   1.061017   0.003427   0.004344
 block data    11   1.093571   0.003402   0.004388
 block data    12   1.029089   0.003371   0.004224
 block data    13   1.019937   0.003225   0.004192
 block data    14   1.009744   0.003444   0.004268
 block data    15   1.041499   0.003345   0.004340
 block data    16   0.992779   0.003375   0.004300
 block data    17   1.129025   0.003621   0.004644
 block data    18   1.044367   0.003407   0.004376
 block data    19   1.081794   0.003603   0.004496
 block data    20   1.016826   0.003198   0.004180
 ###### energy        1.04337085         0.33532686
 ###### press         0.00340638         0.00126054
 ###### dens          0.00435400         0.00150091
   number of blocks        50000
         0   0.0067   0.0000   0.0000   0.0000   0.0000   0.0000
         1   0.0067   0.0000   0.0000   0.0000   0.0000   0.0000
         2   0.0066   0.0000   0.0000   0.0000   0.0000   0.0000
         3   0.0066   0.0001   0.0000   0.0000   0.0000   0.0000
         4   0.0065   0.0001   0.0000   0.0000   0.0000   0.0000
         5   0.0065   0.0001   0.0000   0.0000   0.0000   0.0000
         6   0.0062   0.0002   0.0000   0.0000   0.0000   0.0000
         7   0.0064   0.0002   0.0000   0.0000   0.0000   0.0000
         8   0.0063   0.0003   0.0000   0.0000   0.0000   0.0000
         9   0.0062   0.0004   0.0000   0.0000   0.0000   0.0000
        10   0.0070   0.0007   0.0000   0.0000   0.0000   0.0000
        11   0.0069   0.0010   0.0000   0.0000   0.0000   0.0000
        12   0.0070   0.0015   0.0000   0.0000   0.0000   0.0000
        13   0.0076   0.0024   0.0000   0.0000   0.0000   0.0000
        14   0.0064   0.0032   0.0000   0.0000   0.0000   0.0000
