  ***** Calculate block averages ************
   number of averages            3
 block data     1   1.294322   0.004731   0.006220
 block data     2   1.288838   0.004636   0.006000
 block data     3   1.255614   0.004620   0.005872
 block data     4   1.252894   0.004907   0.006248
 block data     5   1.226228   0.004551   0.005788
 block data     6   1.294503   0.004934   0.006264
 block data     7   1.269186   0.004658   0.006088
 block data     8   1.226640   0.004675   0.005988
 block data     9   1.293755   0.004713   0.005984
 block data    10   1.210952   0.004605   0.005800
 block data    11   1.270780   0.004579   0.005960
 block data    12   1.291768   0.004759   0.006092
 block data    13   1.241949   0.004552   0.005828
 block data    14   1.260220   0.004600   0.006000
 block data    15   1.255002   0.004797   0.006188
 block data    16   1.311566   0.004777   0.006184
 block data    17   1.320746   0.004860   0.006136
 block data    18   1.224004   0.004741   0.006092
 block data    19   1.246950   0.004434   0.005728
 block data    20   1.247969   0.004647   0.005968
 ###### energy        1.26419432         0.34308023
 ###### press         0.00468888         0.00159433
 ###### dens          0.00602140         0.00179060
   number of blocks        50000
         0   0.0069   0.0000   0.0000   0.0000   0.0000   0.0000
         1   0.0069   0.0000   0.0000   0.0000   0.0000   0.0000
         2   0.0069   0.0000   0.0000   0.0000   0.0000   0.0000
         3   0.0069   0.0001   0.0000   0.0000   0.0000   0.0000
         4   0.0070   0.0001   0.0000   0.0000   0.0000   0.0000
         5   0.0070   0.0001   0.0000   0.0000   0.0000   0.0000
         6   0.0069   0.0002   0.0000   0.0000   0.0000   0.0000
         7   0.0069   0.0002   0.0000   0.0000   0.0000   0.0000
         8   0.0070   0.0004   0.0000   0.0000   0.0000   0.0000
         9   0.0067   0.0005   0.0000   0.0000   0.0000   0.0000
        10   0.0071   0.0007   0.0000   0.0000   0.0000   0.0000
        11   0.0070   0.0010   0.0000   0.0000   0.0000   0.0000
        12   0.0074   0.0016   0.0000   0.0000   0.0000   0.0000
        13   0.0063   0.0020   0.0000   0.0000   0.0000   0.0000
        14   0.0019   0.0010   0.0000   0.0000   0.0000   0.0000
