  ***** Calculate block averages ************
   number of averages            3
 block data     1   1.126872   0.003798   0.004932
 block data     2   1.128397   0.003946   0.005048
 block data     3   1.145936   0.003968   0.005028
 block data     4   1.175079   0.003920   0.005112
 block data     5   1.147946   0.004040   0.005176
 block data     6   1.139323   0.004100   0.005292
 block data     7   1.155363   0.004062   0.005192
 block data     8   1.164284   0.003989   0.005164
 block data     9   1.140276   0.003801   0.004924
 block data    10   1.109139   0.004000   0.004908
 block data    11   1.163237   0.004098   0.005272
 block data    12   1.192824   0.004081   0.005240
 block data    13   1.122698   0.004048   0.005164
 block data    14   1.174136   0.003991   0.005112
 block data    15   1.139940   0.003862   0.005084
 block data    16   1.226487   0.004153   0.005360
 block data    17   1.188199   0.004192   0.005456
 block data    18   1.142177   0.003828   0.005028
 block data    19   1.164687   0.004155   0.005348
 block data    20   1.225355   0.004158   0.005240
 ###### energy        1.15861780         0.34095594
 ###### press         0.00400945         0.00141853
 ###### dens          0.00515400         0.00164658
   number of blocks        50000
         0   0.0068   0.0000   0.0000   0.0000   0.0000   0.0000
         1   0.0068   0.0000   0.0000   0.0000   0.0000   0.0000
         2   0.0068   0.0000   0.0000   0.0000   0.0000   0.0000
         3   0.0068   0.0001   0.0000   0.0000   0.0000   0.0000
         4   0.0067   0.0001   0.0000   0.0000   0.0000   0.0000
         5   0.0067   0.0001   0.0000   0.0000   0.0000   0.0000
         6   0.0066   0.0002   0.0000   0.0000   0.0000   0.0000
         7   0.0067   0.0002   0.0000   0.0000   0.0000   0.0000
         8   0.0068   0.0003   0.0000   0.0000   0.0000   0.0000
         9   0.0071   0.0005   0.0000   0.0000   0.0000   0.0000
        10   0.0076   0.0008   0.0000   0.0000   0.0000   0.0000
        11   0.0073   0.0011   0.0000   0.0000   0.0000   0.0000
        12   0.0077   0.0016   0.0000   0.0000   0.0000   0.0000
        13   0.0074   0.0023   0.0000   0.0000   0.0000   0.0000
        14   0.0109   0.0054   0.0000   0.0000   0.0000   0.0000
