  ***** Calculate block averages ************
   number of averages            3
 block data     1  -4.673298   1.894671   1.120708
 block data     2  -4.665789   1.862199   1.118792
 block data     3  -4.531545   1.553570   1.075456
 block data     4  -4.613862   1.736276   1.100404
 block data     5  -4.593195   1.727055   1.097512
 block data     6  -4.709707   2.208273   1.135264
 block data     7  -4.750963   2.014058   1.143156
 block data     8  -4.755874   2.405670   1.154420
 block data     9  -4.755693   2.227422   1.146388
 block data    10  -4.698011   2.038427   1.128096
 block data    11  -4.649460   1.916596   1.116220
 block data    12  -4.713605   2.087393   1.135544
 block data    13  -4.779919   2.221323   1.151472
 block data    14  -4.698681   2.124468   1.137864
 block data    15  -4.732572   1.869894   1.135716
 block data    16  -4.708959   1.835916   1.130376
 block data    17  -4.547033   1.619922   1.084436
 block data    18  -4.604924   1.583125   1.099252
 block data    19  -4.692494   1.967739   1.126720
 block data    20  -4.759520   2.080087   1.145892
 ###### energy       -4.68175521         0.02518124
 ###### press         1.94870434         0.13789742
 ###### dens          1.12418440         0.00591071
   number of blocks        50000
         0   0.0005   0.0000   0.0028   0.0000   0.0001   0.0000
         1   0.0007   0.0000   0.0037   0.0000   0.0002   0.0000
         2   0.0009   0.0000   0.0049   0.0000   0.0002   0.0000
         3   0.0013   0.0000   0.0065   0.0001   0.0003   0.0000
         4   0.0018   0.0000   0.0083   0.0001   0.0005   0.0000
         5   0.0024   0.0000   0.0107   0.0002   0.0007   0.0000
         6   0.0033   0.0001   0.0137   0.0003   0.0009   0.0000
         7   0.0045   0.0002   0.0178   0.0006   0.0013   0.0000
         8   0.0062   0.0003   0.0232   0.0012   0.0018   0.0001
         9   0.0084   0.0006   0.0296   0.0021   0.0026   0.0002
        10   0.0113   0.0012   0.0376   0.0039   0.0035   0.0004
        11   0.0149   0.0022   0.0466   0.0069   0.0046   0.0007
        12   0.0195   0.0041   0.0628   0.0134   0.0061   0.0013
        13   0.0186   0.0059   0.0659   0.0209   0.0060   0.0019
        14   0.0256   0.0128   0.0962   0.0481   0.0083   0.0041
