  ***** Calculate block averages ************
   number of averages            3
 block data     1  -3.974408   0.582207   0.912380
 block data     2  -4.049823   0.667143   0.929888
 block data     3  -3.979872   0.586369   0.914844
 block data     4  -3.998098   0.639619   0.915728
 block data     5  -4.030979   0.655587   0.927980
 block data     6  -4.164492   0.818597   0.970008
 block data     7  -4.120807   0.840120   0.955652
 block data     8  -4.003459   0.593184   0.918988
 block data     9  -3.997852   0.602581   0.916816
 block data    10  -4.068530   0.746053   0.939688
 block data    11  -3.956722   0.555091   0.904296
 block data    12  -4.163638   0.803899   0.962760
 block data    13  -4.145940   0.797058   0.963100
 block data    14  -4.003076   0.618501   0.919064
 block data    15  -4.202155   0.886615   0.978428
 block data    16  -3.930986   0.558138   0.900472
 block data    17  -4.068247   0.614503   0.936388
 block data    18  -3.947472   0.590322   0.907876
 block data    19  -4.157148   0.842979   0.962380
 block data    20  -4.122589   0.757972   0.952168
 ###### energy       -4.05431460         0.03775420
 ###### press         0.68782690         0.11217666
 ###### dens          0.93444520         0.00977763
   number of blocks        50000
         0   0.0008   0.0000   0.0022   0.0000   0.0002   0.0000
         1   0.0011   0.0000   0.0029   0.0000   0.0003   0.0000
         2   0.0015   0.0000   0.0038   0.0000   0.0004   0.0000
         3   0.0020   0.0000   0.0049   0.0000   0.0006   0.0000
         4   0.0028   0.0000   0.0061   0.0001   0.0008   0.0000
         5   0.0039   0.0001   0.0077   0.0001   0.0011   0.0000
         6   0.0054   0.0001   0.0097   0.0002   0.0015   0.0000
         7   0.0074   0.0003   0.0121   0.0004   0.0021   0.0001
         8   0.0100   0.0005   0.0150   0.0008   0.0029   0.0001
         9   0.0131   0.0009   0.0185   0.0013   0.0038   0.0003
        10   0.0159   0.0016   0.0217   0.0022   0.0046   0.0005
        11   0.0197   0.0029   0.0267   0.0039   0.0057   0.0008
        12   0.0219   0.0047   0.0296   0.0063   0.0065   0.0014
        13   0.0158   0.0050   0.0204   0.0065   0.0046   0.0015
        14   0.0069   0.0035   0.0094   0.0047   0.0019   0.0009
