  ***** Calculate block averages ************
   number of averages            3
 block data     1   1.591240   0.013484   0.018064
 block data     2   1.614802   0.013276   0.017852
 block data     3   1.613103   0.013255   0.017896
 block data     4   1.622716   0.012775   0.016976
 block data     5   1.618488   0.012699   0.017208
 block data     6   1.604726   0.013061   0.017568
 block data     7   1.630046   0.013263   0.017684
 block data     8   1.610787   0.012651   0.017200
 block data     9   1.667871   0.013478   0.018036
 block data    10   1.649525   0.012612   0.017040
 block data    11   1.611361   0.013100   0.017408
 block data    12   1.599968   0.013736   0.017980
 block data    13   1.619154   0.012433   0.017032
 block data    14   1.617181   0.013225   0.017548
 block data    15   1.615020   0.013619   0.018196
 block data    16   1.607722   0.012573   0.017428
 block data    17   1.577693   0.013031   0.017544
 block data    18   1.593660   0.013383   0.017900
 block data    19   1.560685   0.012895   0.017180
 block data    20   1.615609   0.012934   0.017592
 ###### energy        1.61206785         0.29010760
 ###### press         0.01307418         0.00328763
 ###### dens          0.01756660         0.00325051
   number of blocks        50000
         0   0.0058   0.0000   0.0001   0.0000   0.0001   0.0000
         1   0.0059   0.0000   0.0001   0.0000   0.0001   0.0000
         2   0.0059   0.0000   0.0001   0.0000   0.0001   0.0000
         3   0.0059   0.0001   0.0001   0.0000   0.0001   0.0000
         4   0.0059   0.0001   0.0001   0.0000   0.0001   0.0000
         5   0.0059   0.0001   0.0001   0.0000   0.0001   0.0000
         6   0.0059   0.0002   0.0001   0.0000   0.0001   0.0000
         7   0.0057   0.0002   0.0001   0.0000   0.0001   0.0000
         8   0.0056   0.0003   0.0001   0.0000   0.0001   0.0000
         9   0.0051   0.0004   0.0001   0.0000   0.0001   0.0000
        10   0.0053   0.0006   0.0001   0.0000   0.0001   0.0000
        11   0.0060   0.0009   0.0001   0.0000   0.0001   0.0000
        12   0.0062   0.0013   0.0001   0.0000   0.0001   0.0000
        13   0.0067   0.0021   0.0001   0.0000   0.0001   0.0000
        14   0.0087   0.0043   0.0000   0.0000   0.0001   0.0000
