  ***** Calculate block averages ************
   number of averages            3
 block data     1   1.400463   0.005325   0.006940
 block data     2   1.363290   0.005351   0.006840
 block data     3   1.390717   0.005270   0.006736
 block data     4   1.332970   0.005377   0.006900
 block data     5   1.354385   0.005419   0.006800
 block data     6   1.321104   0.005311   0.006900
 block data     7   1.371507   0.005230   0.006884
 block data     8   1.356797   0.005146   0.006632
 block data     9   1.384013   0.005180   0.006888
 block data    10   1.358671   0.005516   0.007120
 block data    11   1.333715   0.005141   0.006740
 block data    12   1.369087   0.005639   0.007228
 block data    13   1.348818   0.005517   0.006956
 block data    14   1.379292   0.005569   0.007060
 block data    15   1.329985   0.005165   0.006704
 block data    16   1.326564   0.005309   0.006852
 block data    17   1.283282   0.005147   0.006728
 block data    18   1.362522   0.005117   0.006656
 block data    19   1.342730   0.005284   0.006768
 block data    20   1.303299   0.005395   0.007032
 ###### energy        1.35066054         0.34255540
 ###### press         0.00532032         0.00168911
 ###### dens          0.00686820         0.00191491
   number of blocks        50000
         0   0.0069   0.0000   0.0000   0.0000   0.0000   0.0000
         1   0.0068   0.0000   0.0000   0.0000   0.0000   0.0000
         2   0.0068   0.0000   0.0000   0.0000   0.0000   0.0000
         3   0.0068   0.0001   0.0000   0.0000   0.0000   0.0000
         4   0.0069   0.0001   0.0000   0.0000   0.0000   0.0000
         5   0.0069   0.0001   0.0000   0.0000   0.0000   0.0000
         6   0.0070   0.0002   0.0000   0.0000   0.0000   0.0000
         7   0.0068   0.0002   0.0000   0.0000   0.0000   0.0000
         8   0.0066   0.0003   0.0000   0.0000   0.0000   0.0000
         9   0.0065   0.0005   0.0000   0.0000   0.0000   0.0000
        10   0.0060   0.0006   0.0000   0.0000   0.0000   0.0000
        11   0.0055   0.0008   0.0000   0.0000   0.0000   0.0000
        12   0.0061   0.0013   0.0000   0.0000   0.0000   0.0000
        13   0.0084   0.0026   0.0000   0.0000   0.0000   0.0000
        14   0.0080   0.0040   0.0000   0.0000   0.0000   0.0000
