  ***** Calculate block averages ************
   number of averages            3
 block data     1   1.561706   0.008471   0.011144
 block data     2   1.575787   0.008107   0.010992
 block data     3   1.579948   0.008632   0.011180
 block data     4   1.559835   0.008561   0.010980
 block data     5   1.608499   0.008488   0.011068
 block data     6   1.599988   0.008553   0.011120
 block data     7   1.660234   0.008458   0.011076
 block data     8   1.585471   0.008736   0.011552
 block data     9   1.601137   0.008666   0.011412
 block data    10   1.577106   0.008154   0.010952
 block data    11   1.613748   0.008484   0.011100
 block data    12   1.565777   0.008667   0.011208
 block data    13   1.556822   0.008715   0.011256
 block data    14   1.621885   0.008775   0.011252
 block data    15   1.584887   0.008317   0.011032
 block data    16   1.629665   0.008420   0.010768
 block data    17   1.564770   0.008322   0.010656
 block data    18   1.625322   0.008149   0.010760
 block data    19   1.615518   0.008490   0.011000
 block data    20   1.590409   0.008842   0.011328
 ###### energy        1.59392570         0.32349662
 ###### press         0.00850033         0.00233577
 ###### dens          0.01109180         0.00248642
   number of blocks        50000
         0   0.0065   0.0000   0.0000   0.0000   0.0000   0.0000
         1   0.0065   0.0000   0.0000   0.0000   0.0001   0.0000
         2   0.0066   0.0000   0.0000   0.0000   0.0001   0.0000
         3   0.0065   0.0001   0.0000   0.0000   0.0001   0.0000
         4   0.0066   0.0001   0.0000   0.0000   0.0001   0.0000
         5   0.0067   0.0001   0.0000   0.0000   0.0001   0.0000
         6   0.0068   0.0002   0.0000   0.0000   0.0001   0.0000
         7   0.0071   0.0003   0.0000   0.0000   0.0001   0.0000
         8   0.0073   0.0004   0.0000   0.0000   0.0001   0.0000
         9   0.0079   0.0006   0.0000   0.0000   0.0001   0.0000
        10   0.0075   0.0008   0.0000   0.0000   0.0001   0.0000
        11   0.0070   0.0010   0.0000   0.0000   0.0001   0.0000
        12   0.0063   0.0013   0.0000   0.0000   0.0001   0.0000
        13   0.0081   0.0025   0.0000   0.0000   0.0001   0.0000
        14   0.0041   0.0020   0.0000   0.0000   0.0001   0.0000
