  ***** Calculate block averages ************
   number of averages            3
 block data     1   1.153774   0.023307   0.033864
 block data     2   1.176341   0.023548   0.033228
 block data     3   1.139152   0.023408   0.033800
 block data     4   1.115249   0.024173   0.034904
 block data     5   1.108898   0.023513   0.034584
 block data     6   1.118609   0.023023   0.034108
 block data     7   1.136305   0.023417   0.033684
 block data     8   1.123891   0.023919   0.034948
 block data     9   1.114263   0.023636   0.034976
 block data    10   1.131081   0.023426   0.033736
 block data    11   1.091853   0.023859   0.034920
 block data    12   1.127028   0.022737   0.033260
 block data    13   1.101480   0.023942   0.034296
 block data    14   1.134697   0.023574   0.034600
 block data    15   1.178868   0.022636   0.032828
 block data    16   1.103713   0.023919   0.034972
 block data    17   1.122670   0.023184   0.034472
 block data    18   1.141889   0.023604   0.034988
 block data    19   1.114670   0.023512   0.034792
 block data    20   1.152956   0.023125   0.033660
 ###### energy        1.12936935         0.23974544
 ###### press         0.02347312         0.00535623
 ###### dens          0.03423100         0.00505031
   number of blocks        50000
         0   0.0048   0.0000   0.0001   0.0000   0.0001   0.0000
         1   0.0051   0.0000   0.0001   0.0000   0.0001   0.0000
         2   0.0054   0.0000   0.0001   0.0000   0.0001   0.0000
         3   0.0055   0.0000   0.0001   0.0000   0.0001   0.0000
         4   0.0056   0.0001   0.0001   0.0000   0.0001   0.0000
         5   0.0057   0.0001   0.0001   0.0000   0.0001   0.0000
         6   0.0056   0.0001   0.0001   0.0000   0.0001   0.0000
         7   0.0054   0.0002   0.0001   0.0000   0.0001   0.0000
         8   0.0053   0.0003   0.0001   0.0000   0.0001   0.0000
         9   0.0052   0.0004   0.0001   0.0000   0.0001   0.0000
        10   0.0054   0.0006   0.0001   0.0000   0.0001   0.0000
        11   0.0051   0.0008   0.0001   0.0000   0.0002   0.0000
        12   0.0052   0.0011   0.0001   0.0000   0.0001   0.0000
        13   0.0055   0.0017   0.0001   0.0000   0.0001   0.0000
        14   0.0044   0.0022   0.0001   0.0000   0.0001   0.0001
