  ***** Calculate block averages ************
   number of averages            3
 block data     1   0.457206   0.001199   0.001492
 block data     2   0.436483   0.001253   0.001536
 block data     3   0.450708   0.001185   0.001516
 block data     4   0.465008   0.001198   0.001532
 block data     5   0.409504   0.001054   0.001356
 block data     6   0.419543   0.001077   0.001380
 block data     7   0.448768   0.001183   0.001508
 block data     8   0.421338   0.001173   0.001444
 block data     9   0.412806   0.001055   0.001340
 block data    10   0.408294   0.001109   0.001424
 block data    11   0.467318   0.001210   0.001532
 block data    12   0.458200   0.001218   0.001536
 block data    13   0.470663   0.001218   0.001548
 block data    14   0.464999   0.001263   0.001552
 block data    15   0.498857   0.001277   0.001612
 block data    16   0.466596   0.001320   0.001620
 block data    17   0.438241   0.001150   0.001424
 block data    18   0.419080   0.001157   0.001440
 block data    19   0.436513   0.001141   0.001424
 block data    20   0.404554   0.001150   0.001396
 ###### energy        0.44273386         0.25261743
 ###### press         0.00117945         0.00073450
 ###### dens          0.00148060         0.00086976
   number of blocks        50000
         0   0.0051   0.0000   0.0000   0.0000   0.0000   0.0000
         1   0.0051   0.0000   0.0000   0.0000   0.0000   0.0000
         2   0.0051   0.0000   0.0000   0.0000   0.0000   0.0000
         3   0.0051   0.0000   0.0000   0.0000   0.0000   0.0000
         4   0.0051   0.0001   0.0000   0.0000   0.0000   0.0000
         5   0.0050   0.0001   0.0000   0.0000   0.0000   0.0000
         6   0.0051   0.0001   0.0000   0.0000   0.0000   0.0000
         7   0.0051   0.0002   0.0000   0.0000   0.0000   0.0000
         8   0.0052   0.0003   0.0000   0.0000   0.0000   0.0000
         9   0.0053   0.0004   0.0000   0.0000   0.0000   0.0000
        10   0.0047   0.0005   0.0000   0.0000   0.0000   0.0000
        11   0.0055   0.0008   0.0000   0.0000   0.0000   0.0000
        12   0.0069   0.0015   0.0000   0.0000   0.0000   0.0000
        13   0.0093   0.0029   0.0000   0.0000   0.0000   0.0000
        14   0.0026   0.0013   0.0000   0.0000   0.0000   0.0000
