  ***** Calculate block averages ************
   number of averages            3
 block data     1   1.402816   0.005874   0.007740
 block data     2   1.457117   0.006022   0.008044
 block data     3   1.449512   0.006066   0.007884
 block data     4   1.440515   0.006000   0.007800
 block data     5   1.454026   0.006393   0.008240
 block data     6   1.447738   0.006114   0.008116
 block data     7   1.461922   0.006118   0.008040
 block data     8   1.414695   0.006128   0.008000
 block data     9   1.473012   0.006036   0.008012
 block data    10   1.451887   0.006252   0.008084
 block data    11   1.457054   0.006162   0.008032
 block data    12   1.392152   0.006020   0.007764
 block data    13   1.420645   0.005964   0.007892
 block data    14   1.430588   0.006011   0.007772
 block data    15   1.395661   0.005947   0.007736
 block data    16   1.419514   0.006095   0.007884
 block data    17   1.427037   0.006410   0.008224
 block data    18   1.441873   0.006174   0.008000
 block data    19   1.449845   0.006037   0.007768
 block data    20   1.423070   0.005948   0.007824
 ###### energy        1.43553404         0.33935248
 ###### press         0.00608855         0.00178925
 ###### dens          0.00794280         0.00207750
   number of blocks        50000
         0   0.0068   0.0000   0.0000   0.0000   0.0000   0.0000
         1   0.0068   0.0000   0.0000   0.0000   0.0000   0.0000
         2   0.0068   0.0000   0.0000   0.0000   0.0000   0.0000
         3   0.0068   0.0001   0.0000   0.0000   0.0000   0.0000
         4   0.0068   0.0001   0.0000   0.0000   0.0000   0.0000
         5   0.0067   0.0001   0.0000   0.0000   0.0000   0.0000
         6   0.0066   0.0002   0.0000   0.0000   0.0000   0.0000
         7   0.0067   0.0002   0.0000   0.0000   0.0000   0.0000
         8   0.0065   0.0003   0.0000   0.0000   0.0000   0.0000
         9   0.0064   0.0005   0.0000   0.0000   0.0000   0.0000
        10   0.0067   0.0007   0.0000   0.0000   0.0000   0.0000
        11   0.0061   0.0009   0.0000   0.0000   0.0000   0.0000
        12   0.0050   0.0011   0.0000   0.0000   0.0000   0.0000
        13   0.0063   0.0020   0.0000   0.0000   0.0000   0.0000
        14   0.0057   0.0028   0.0000   0.0000   0.0000   0.0000
