  ***** Calculate block averages ************
   number of averages            3
 block data     1  -3.571393   2.060487   0.655360
 block data     2  -3.309434   1.736504   0.617360
 block data     3  -3.435201   1.916416   0.633040
 block data     4  -3.615208   2.247098   0.679840
 block data     5  -3.494729   1.877114   0.645400
 block data     6  -3.507628   2.187600   0.662880
 block data     7  -3.520496   2.148589   0.659600
 block data     8  -3.459058   1.963452   0.647440
 block data     9  -3.691111   2.466811   0.689360
 block data    10  -3.568100   2.163987   0.669040
 block data    11  -3.364500   1.608129   0.627480
 block data    12  -3.586594   2.109858   0.660520
 block data    13  -3.498997   1.973664   0.646960
 block data    14  -3.471773   1.941645   0.648480
 block data    15  -3.515379   2.064658   0.653080
 block data    16  -3.527930   2.127474   0.655640
 block data    17  -3.546604   2.243010   0.665520
 block data    18  -3.676943   2.496847   0.692080
 block data    19  -3.443003   2.030559   0.637160
 block data    20  -3.522746   2.061088   0.656560
 ###### energy       -3.51634138         0.05262387
 ###### press         2.07124949         0.16199625
 ###### dens          0.65514000         0.00840292
   number of blocks         5000
         0   0.0033   0.0000   0.0102   0.0001   0.0005   0.0000
         1   0.0044   0.0001   0.0127   0.0002   0.0007   0.0000
         2   0.0058   0.0001   0.0160   0.0003   0.0010   0.0000
         3   0.0077   0.0002   0.0200   0.0006   0.0014   0.0000
         4   0.0103   0.0004   0.0246   0.0010   0.0020   0.0001
         5   0.0130   0.0007   0.0313   0.0018   0.0026   0.0001
         6   0.0167   0.0013   0.0392   0.0032   0.0033   0.0003
         7   0.0156   0.0018   0.0365   0.0042   0.0033   0.0004
         8   0.0195   0.0033   0.0465   0.0078   0.0042   0.0007
         9   0.0183   0.0046   0.0496   0.0124   0.0043   0.0011
        10   0.0140   0.0057   0.0203   0.0083   0.0032   0.0013
        11   0.0145   0.0103   0.0147   0.0104   0.0025   0.0017
