  ***** Calculate block averages ************
   number of averages            3
 block data     1  -0.771494   0.102517   0.054000
 block data     2  -0.752791   0.107702   0.055000
 block data     3  -0.779198   0.101479   0.055560
 block data     4  -0.773867   0.106784   0.055560
 block data     5  -0.767887   0.102985   0.056720
 block data     6  -0.791914   0.102431   0.055920
 block data     7  -0.767537   0.103281   0.056400
 block data     8  -0.839951   0.095470   0.053600
 block data     9  -0.780412   0.105257   0.055760
 block data    10  -0.820581   0.104473   0.052800
 block data    11  -0.798075   0.097752   0.052800
 block data    12  -0.773430   0.098403   0.053520
 block data    13  -0.775833   0.105557   0.053960
 block data    14  -0.757524   0.104854   0.055160
 block data    15  -0.761998   0.114229   0.057840
 block data    16  -0.785152   0.114229   0.060560
 block data    17  -0.769043   0.101154   0.052920
 block data    18  -0.764337   0.107315   0.058680
 block data    19  -0.757413   0.111969   0.058320
 block data    20  -0.765539   0.107097   0.058600
 ###### energy       -0.77769876         0.07102982
 ###### press         0.10474693         0.01533360
 ###### dens          0.05568400         0.00553431
   number of blocks         5000
         0   0.0045   0.0000   0.0010   0.0000   0.0004   0.0000
         1   0.0046   0.0001   0.0010   0.0000   0.0004   0.0000
         2   0.0048   0.0001   0.0011   0.0000   0.0004   0.0000
         3   0.0049   0.0001   0.0011   0.0000   0.0005   0.0000
         4   0.0050   0.0002   0.0011   0.0000   0.0005   0.0000
         5   0.0049   0.0003   0.0011   0.0001   0.0005   0.0000
         6   0.0046   0.0004   0.0011   0.0001   0.0005   0.0000
         7   0.0044   0.0005   0.0010   0.0001   0.0005   0.0001
         8   0.0040   0.0007   0.0011   0.0002   0.0005   0.0001
         9   0.0044   0.0011   0.0014   0.0003   0.0006   0.0002
        10   0.0055   0.0022   0.0018   0.0007   0.0008   0.0003
        11   0.0007   0.0005   0.0015   0.0010   0.0001   0.0000
