  ***** Calculate block averages ************
   number of averages            3
 block data     1  -4.230549   4.521865   0.830080
 block data     2  -4.246228   4.811069   0.845720
 block data     3  -4.235669   4.514352   0.836000
 block data     4  -4.246251   4.627541   0.841280
 block data     5  -4.297040   4.639734   0.845080
 block data     6  -4.163661   4.664778   0.829160
 block data     7  -4.258186   4.429350   0.829920
 block data     8  -4.265475   4.281489   0.834520
 block data     9  -4.123332   3.671031   0.799200
 block data    10  -4.158995   3.519495   0.803240
 block data    11  -4.208179   4.162734   0.824480
 block data    12  -4.206956   4.610008   0.826920
 block data    13  -4.238896   4.667825   0.834280
 block data    14  -4.365181   5.438095   0.881520
 block data    15  -4.205294   4.122026   0.829440
 block data    16  -4.127750   4.271350   0.814840
 block data    17  -4.238712   4.957594   0.848760
 block data    18  -4.267993   5.028953   0.853480
 block data    19  -4.138130   3.806704   0.803840
 block data    20  -4.174883   4.429956   0.825840
 ###### energy       -4.21986802         0.04345138
 ###### press         4.45879736         0.22716017
 ###### dens          0.83188000         0.00636972
   number of blocks         5000
         0   0.0027   0.0000   0.0144   0.0001   0.0004   0.0000
         1   0.0035   0.0000   0.0188   0.0003   0.0006   0.0000
         2   0.0045   0.0001   0.0247   0.0005   0.0008   0.0000
         3   0.0057   0.0002   0.0318   0.0009   0.0011   0.0000
         4   0.0073   0.0003   0.0414   0.0017   0.0016   0.0001
         5   0.0091   0.0005   0.0535   0.0030   0.0022   0.0001
         6   0.0109   0.0009   0.0696   0.0056   0.0029   0.0002
         7   0.0127   0.0015   0.0899   0.0103   0.0038   0.0004
         8   0.0161   0.0027   0.1098   0.0183   0.0050   0.0008
         9   0.0203   0.0051   0.1363   0.0341   0.0059   0.0015
        10   0.0181   0.0074   0.1299   0.0530   0.0057   0.0023
        11   0.0209   0.0148   0.1175   0.0831   0.0051   0.0036
