  ***** Calculate block averages ************
   number of averages            3
 block data     1  -4.037518   3.383688   0.770160
 block data     2  -3.957683   3.795363   0.773240
 block data     3  -4.062957   3.703004   0.790160
 block data     4  -3.896254   3.463152   0.764880
 block data     5  -3.973106   3.480730   0.769440
 block data     6  -3.967597   3.180200   0.750160
 block data     7  -4.011150   3.509467   0.778360
 block data     8  -4.034898   3.534981   0.779720
 block data     9  -3.894565   3.005569   0.740040
 block data    10  -4.032215   3.609190   0.781840
 block data    11  -4.022869   3.261615   0.764600
 block data    12  -4.028428   3.425478   0.776280
 block data    13  -3.955988   3.258673   0.760240
 block data    14  -4.131241   3.976684   0.800120
 block data    15  -4.031747   3.363948   0.772640
 block data    16  -3.931990   3.457564   0.765920
 block data    17  -3.948186   3.289559   0.765320
 block data    18  -3.995451   3.213694   0.767680
 block data    19  -3.928415   3.271861   0.758160
 block data    20  -4.024727   3.523165   0.783200
 ###### energy       -3.99334920         0.04367428
 ###### press         3.43537927         0.19069654
 ###### dens          0.77060800         0.00600879
   number of blocks         5000
         0   0.0028   0.0000   0.0121   0.0001   0.0004   0.0000
         1   0.0035   0.0000   0.0154   0.0002   0.0005   0.0000
         2   0.0045   0.0001   0.0195   0.0004   0.0008   0.0000
         3   0.0057   0.0002   0.0246   0.0007   0.0010   0.0000
         4   0.0073   0.0003   0.0308   0.0012   0.0014   0.0001
         5   0.0091   0.0005   0.0377   0.0021   0.0019   0.0001
         6   0.0112   0.0009   0.0435   0.0035   0.0024   0.0002
         7   0.0127   0.0015   0.0527   0.0060   0.0031   0.0004
         8   0.0103   0.0017   0.0515   0.0086   0.0028   0.0005
         9   0.0103   0.0026   0.0626   0.0156   0.0032   0.0008
        10   0.0099   0.0040   0.0689   0.0281   0.0035   0.0014
        11   0.0088   0.0062   0.0112   0.0079   0.0004   0.0003
