  ***** Calculate block averages ************
   number of averages            3
 block data     1  -0.831254   0.209301   0.117080
 block data     2  -0.885598   0.213830   0.124320
 block data     3  -0.837341   0.200612   0.114120
 block data     4  -0.893203   0.236036   0.131800
 block data     5  -0.824337   0.200427   0.114600
 block data     6  -0.853604   0.212369   0.118240
 block data     7  -0.915306   0.227481   0.132520
 block data     8  -0.911919   0.238924   0.134560
 block data     9  -0.894306   0.240053   0.133240
 block data    10  -0.852910   0.213470   0.120000
 block data    11  -0.888262   0.218795   0.123720
 block data    12  -0.880106   0.221409   0.124000
 block data    13  -0.849622   0.204704   0.120880
 block data    14  -0.892642   0.237959   0.128720
 block data    15  -0.933825   0.240788   0.135600
 block data    16  -0.849963   0.208609   0.120120
 block data    17  -0.844956   0.204490   0.119280
 block data    18  -0.915551   0.223464   0.129440
 block data    19  -0.833616   0.220212   0.117360
 block data    20  -0.925999   0.222623   0.132000
 ###### energy       -0.87571587         0.05475507
 ###### press         0.21977781         0.02845607
 ###### dens          0.12458000         0.00882526
   number of blocks         5000
         0   0.0035   0.0000   0.0018   0.0000   0.0006   0.0000
         1   0.0040   0.0001   0.0019   0.0000   0.0007   0.0000
         2   0.0047   0.0001   0.0021   0.0000   0.0009   0.0000
         3   0.0053   0.0001   0.0023   0.0001   0.0011   0.0000
         4   0.0059   0.0002   0.0025   0.0001   0.0012   0.0000
         5   0.0060   0.0003   0.0025   0.0001   0.0013   0.0001
         6   0.0065   0.0005   0.0029   0.0002   0.0014   0.0001
         7   0.0071   0.0008   0.0028   0.0003   0.0016   0.0002
         8   0.0070   0.0012   0.0027   0.0005   0.0016   0.0003
         9   0.0062   0.0016   0.0026   0.0006   0.0016   0.0004
        10   0.0030   0.0012   0.0021   0.0008   0.0009   0.0004
        11   0.0037   0.0026   0.0016   0.0011   0.0006   0.0004
