  ***** Calculate block averages ************
   number of averages            3
 block data     1  -4.012822   3.655961   0.782960
 block data     2  -4.064406   3.963929   0.798240
 block data     3  -4.140633   4.197857   0.818200
 block data     4  -4.184320   4.458641   0.823760
 block data     5  -3.951090   3.371295   0.765280
 block data     6  -3.930990   3.005911   0.752920
 block data     7  -4.088283   3.867010   0.795560
 block data     8  -4.257209   4.423990   0.830600
 block data     9  -4.103142   3.826882   0.798840
 block data    10  -4.151473   4.277245   0.815120
 block data    11  -4.154611   4.120700   0.810920
 block data    12  -4.113779   3.704097   0.796880
 block data    13  -4.198271   4.170704   0.821040
 block data    14  -3.898165   3.208439   0.749480
 block data    15  -3.818561   2.910963   0.738400
 block data    16  -3.952835   3.378590   0.766920
 block data    17  -4.198095   4.039541   0.816680
 block data    18  -4.046499   3.386548   0.774040
 block data    19  -4.042600   3.779434   0.788680
 block data    20  -4.153063   4.051846   0.807760
 ###### energy       -4.07304239         0.04728468
 ###### press         3.78997926         0.20949612
 ###### dens          0.79261400         0.00742155
   number of blocks         5000
         0   0.0030   0.0000   0.0133   0.0001   0.0005   0.0000
         1   0.0039   0.0001   0.0173   0.0002   0.0007   0.0000
         2   0.0051   0.0001   0.0225   0.0005   0.0009   0.0000
         3   0.0067   0.0002   0.0291   0.0008   0.0013   0.0000
         4   0.0087   0.0003   0.0374   0.0015   0.0018   0.0001
         5   0.0114   0.0006   0.0484   0.0027   0.0025   0.0001
         6   0.0150   0.0012   0.0634   0.0051   0.0035   0.0003
         7   0.0193   0.0022   0.0768   0.0088   0.0045   0.0005
         8   0.0263   0.0044   0.1014   0.0169   0.0061   0.0010
         9   0.0308   0.0077   0.1275   0.0319   0.0074   0.0019
        10   0.0358   0.0146   0.1441   0.0588   0.0091   0.0037
        11   0.0135   0.0095   0.0668   0.0472   0.0036   0.0025
