  ***** Calculate block averages ************
   number of averages            3
 block data     1  -3.056655   1.321351   0.545360
 block data     2  -2.915640   1.219419   0.526800
 block data     3  -3.123306   1.405267   0.568400
 block data     4  -3.093642   1.257532   0.550840
 block data     5  -3.085550   1.340036   0.562000
 block data     6  -2.970205   1.331589   0.534840
 block data     7  -3.082152   1.430986   0.558760
 block data     8  -2.910531   1.238749   0.528880
 block data     9  -2.824678   1.124690   0.511360
 block data    10  -2.963260   1.229184   0.533840
 block data    11  -3.027503   1.319249   0.545160
 block data    12  -2.877760   1.144971   0.520320
 block data    13  -2.957056   1.212914   0.530360
 block data    14  -2.994165   1.269470   0.535760
 block data    15  -3.141949   1.502013   0.566960
 block data    16  -2.909345   1.181357   0.521760
 block data    17  -3.003290   1.212163   0.541800
 block data    18  -2.867315   1.240933   0.523760
 block data    19  -2.847704   1.077046   0.515080
 block data    20  -3.130116   1.426430   0.568280
 ###### energy       -2.98909110         0.06505401
 ###### press         1.27426745         0.12465026
 ###### dens          0.53951600         0.01062395
   number of blocks         5000
         0   0.0041   0.0000   0.0079   0.0001   0.0007   0.0000
         1   0.0055   0.0001   0.0095   0.0001   0.0009   0.0000
         2   0.0074   0.0001   0.0114   0.0002   0.0013   0.0000
         3   0.0099   0.0003   0.0140   0.0004   0.0018   0.0001
         4   0.0132   0.0005   0.0167   0.0007   0.0025   0.0001
         5   0.0169   0.0010   0.0203   0.0012   0.0032   0.0002
         6   0.0204   0.0016   0.0241   0.0019   0.0039   0.0003
         7   0.0217   0.0025   0.0265   0.0030   0.0041   0.0005
         8   0.0240   0.0040   0.0273   0.0046   0.0043   0.0007
         9   0.0220   0.0055   0.0191   0.0048   0.0038   0.0009
        10   0.0237   0.0097   0.0221   0.0090   0.0041   0.0017
        11   0.0265   0.0188   0.0341   0.0241   0.0061   0.0043
