  ***** Calculate block averages ************
   number of averages            3
 block data     1  -1.815598   0.581607   0.313760
 block data     2  -2.060957   0.641957   0.361280
 block data     3  -1.974382   0.612717   0.346040
 block data     4  -2.260174   0.716545   0.390560
 block data     5  -2.060056   0.617354   0.356880
 block data     6  -1.978863   0.613296   0.345080
 block data     7  -2.199386   0.729205   0.383280
 block data     8  -2.043637   0.672391   0.358800
 block data     9  -2.132444   0.661411   0.369320
 block data    10  -2.199193   0.691503   0.387240
 block data    11  -2.056924   0.663063   0.356520
 block data    12  -2.025985   0.657338   0.356640
 block data    13  -1.940170   0.599089   0.339720
 block data    14  -2.044158   0.602147   0.355000
 block data    15  -2.084430   0.693230   0.364800
 block data    16  -1.975986   0.660857   0.353360
 block data    17  -2.032102   0.599523   0.349600
 block data    18  -2.049591   0.648164   0.357200
 block data    19  -2.240531   0.774976   0.397760
 block data    20  -1.986246   0.587278   0.342960
 ###### energy       -2.05804063         0.07549770
 ###### press         0.65118248         0.07812259
 ###### dens          0.35929000         0.01249239
   number of blocks         5000
         0   0.0048   0.0000   0.0049   0.0000   0.0008   0.0000
         1   0.0064   0.0001   0.0054   0.0001   0.0011   0.0000
         2   0.0086   0.0002   0.0060   0.0001   0.0015   0.0000
         3   0.0114   0.0003   0.0067   0.0002   0.0020   0.0001
         4   0.0147   0.0006   0.0079   0.0003   0.0026   0.0001
         5   0.0178   0.0010   0.0092   0.0005   0.0032   0.0002
         6   0.0205   0.0017   0.0105   0.0008   0.0038   0.0003
         7   0.0213   0.0024   0.0111   0.0013   0.0039   0.0005
         8   0.0233   0.0039   0.0097   0.0016   0.0040   0.0007
         9   0.0220   0.0055   0.0102   0.0026   0.0040   0.0010
        10   0.0192   0.0078   0.0080   0.0033   0.0035   0.0014
        11   0.0060   0.0042   0.0043   0.0031   0.0022   0.0015
