  ***** Calculate block averages ************
   number of averages            3
 block data     1  -3.759534   2.587701   0.706840
 block data     2  -3.683939   2.408654   0.690120
 block data     3  -3.724364   2.772544   0.711280
 block data     4  -3.778233   2.686585   0.720800
 block data     5  -3.599391   2.236256   0.681000
 block data     6  -3.799111   2.618558   0.721360
 block data     7  -3.759373   2.537918   0.703160
 block data     8  -3.718687   2.420373   0.693880
 block data     9  -3.735078   2.524843   0.701200
 block data    10  -3.838159   2.627134   0.725000
 block data    11  -3.787299   2.680049   0.717440
 block data    12  -3.692221   2.379082   0.687960
 block data    13  -3.596330   2.376886   0.680160
 block data    14  -3.744135   2.673674   0.712880
 block data    15  -3.760865   2.439699   0.711240
 block data    16  -3.738145   2.574110   0.708360
 block data    17  -3.723121   2.598121   0.700080
 block data    18  -3.777985   2.860491   0.725880
 block data    19  -3.740721   2.613128   0.711880
 block data    20  -3.625080   2.376289   0.686320
 ###### energy       -3.72908851         0.04803782
 ###### press         2.54960484         0.16953514
 ###### dens          0.70484200         0.00743551
   number of blocks         5000
         0   0.0030   0.0000   0.0107   0.0001   0.0005   0.0000
         1   0.0039   0.0001   0.0135   0.0002   0.0007   0.0000
         2   0.0052   0.0001   0.0170   0.0003   0.0009   0.0000
         3   0.0068   0.0002   0.0211   0.0006   0.0013   0.0000
         4   0.0088   0.0004   0.0261   0.0010   0.0018   0.0001
         5   0.0113   0.0006   0.0321   0.0018   0.0023   0.0001
         6   0.0141   0.0011   0.0384   0.0031   0.0030   0.0002
         7   0.0158   0.0018   0.0408   0.0047   0.0034   0.0004
         8   0.0175   0.0029   0.0416   0.0069   0.0039   0.0006
         9   0.0139   0.0035   0.0408   0.0102   0.0034   0.0008
        10   0.0062   0.0025   0.0407   0.0166   0.0023   0.0009
        11   0.0044   0.0031   0.0001   0.0001   0.0012   0.0009
