  ***** Calculate block averages ************
   number of averages            3
 block data     1  -1.045529   0.047695   0.025960
 block data     2  -1.042333   0.049166   0.024920
 block data     3  -1.057546   0.054309   0.028280
 block data     4  -1.009129   0.055938   0.028120
 block data     5  -1.108444   0.051386   0.026120
 block data     6  -1.095505   0.053842   0.028480
 block data     7  -1.111219   0.045825   0.024080
 block data     8  -1.082673   0.049495   0.026160
 block data     9  -1.052343   0.054454   0.027880
 block data    10  -1.089069   0.049853   0.026040
 block data    11  -1.087767   0.054776   0.027080
 block data    12  -1.050389   0.048227   0.024880
 block data    13  -0.997458   0.054763   0.028360
 block data    14  -1.050280   0.053898   0.027080
 block data    15  -1.094756   0.050188   0.025840
 block data    16  -1.112447   0.052049   0.026560
 block data    17  -1.094708   0.047719   0.024960
 block data    18  -1.106010   0.050246   0.026160
 block data    19  -1.102937   0.050993   0.026560
 block data    20  -1.089074   0.050555   0.026480
 ###### energy       -1.07398099         0.14056770
 ###### press         0.05126886         0.00883306
 ###### dens          0.02650000         0.00374987
   number of blocks         5000
         0   0.0089   0.0001   0.0006   0.0000   0.0002   0.0000
         1   0.0088   0.0001   0.0006   0.0000   0.0002   0.0000
         2   0.0087   0.0002   0.0006   0.0000   0.0003   0.0000
         3   0.0087   0.0002   0.0006   0.0000   0.0003   0.0000
         4   0.0089   0.0004   0.0006   0.0000   0.0003   0.0000
         5   0.0082   0.0005   0.0006   0.0000   0.0003   0.0000
         6   0.0082   0.0007   0.0006   0.0000   0.0002   0.0000
         7   0.0069   0.0008   0.0005   0.0001   0.0002   0.0000
         8   0.0078   0.0013   0.0005   0.0001   0.0002   0.0000
         9   0.0085   0.0021   0.0006   0.0001   0.0002   0.0001
        10   0.0110   0.0045   0.0002   0.0001   0.0000   0.0000
        11   0.0011   0.0008   0.0004   0.0002   0.0000   0.0000
