  ***** Calculate block averages ************
   number of averages            3
 block data     1  -0.067085   0.223423   0.109440
 block data     2  -0.064829   0.214276   0.108440
 block data     3  -0.082474   0.210649   0.110360
 block data     4  -0.077045   0.226822   0.112200
 block data     5  -0.061787   0.221160   0.108120
 block data     6  -0.032831   0.208660   0.105120
 block data     7  -0.121244   0.217289   0.115920
 block data     8  -0.087793   0.215486   0.111040
 block data     9  -0.046599   0.210801   0.108480
 block data    10  -0.051338   0.218810   0.108840
 block data    11  -0.055284   0.220258   0.108320
 block data    12  -0.056138   0.217075   0.108680
 block data    13  -0.025813   0.206001   0.102840
 block data    14  -0.062917   0.213075   0.109200
 block data    15  -0.027350   0.195218   0.102080
 block data    16  -0.057990   0.223819   0.110160
 block data    17  -0.080488   0.217580   0.111280
 block data    18  -0.058668   0.196155   0.105960
 block data    19  -0.050702   0.207499   0.106960
 block data    20  -0.135687   0.238288   0.117960
 ###### energy       -0.06520299         0.07158769
 ###### press         0.21511721         0.02452008
 ###### dens          0.10907000         0.00756199
   number of blocks         5000
         0   0.0045   0.0000   0.0016   0.0000   0.0005   0.0000
         1   0.0053   0.0001   0.0017   0.0000   0.0006   0.0000
         2   0.0062   0.0001   0.0019   0.0000   0.0007   0.0000
         3   0.0067   0.0002   0.0020   0.0001   0.0008   0.0000
         4   0.0070   0.0003   0.0021   0.0001   0.0008   0.0000
         5   0.0069   0.0004   0.0021   0.0001   0.0008   0.0000
         6   0.0067   0.0005   0.0019   0.0002   0.0008   0.0001
         7   0.0069   0.0008   0.0019   0.0002   0.0008   0.0001
         8   0.0054   0.0009   0.0014   0.0002   0.0007   0.0001
         9   0.0075   0.0019   0.0012   0.0003   0.0009   0.0002
        10   0.0074   0.0030   0.0014   0.0006   0.0008   0.0003
        11   0.0127   0.0090   0.0017   0.0012   0.0013   0.0010
