  ***** Calculate block averages ************
   number of averages            3
 block data     1  -1.727280   1.042059   0.464360
 block data     2  -1.729946   1.080297   0.464480
 block data     3  -1.870723   1.151321   0.493240
 block data     4  -1.765752   1.085842   0.469400
 block data     5  -1.777097   1.137563   0.476960
 block data     6  -1.744263   1.076665   0.465600
 block data     7  -1.895713   1.256858   0.505600
 block data     8  -1.797752   1.172308   0.482120
 block data     9  -1.697669   1.028498   0.450280
 block data    10  -1.875835   1.231762   0.504560
 block data    11  -1.757008   1.109995   0.470920
 block data    12  -1.681287   1.046224   0.452000
 block data    13  -1.925446   1.307663   0.509280
 block data    14  -1.722681   1.080174   0.458280
 block data    15  -1.610706   0.996062   0.431480
 block data    16  -1.714807   1.119138   0.466440
 block data    17  -1.722455   1.087506   0.465200
 block data    18  -1.766413   1.163492   0.474680
 block data    19  -1.667431   1.048246   0.453040
 block data    20  -1.718031   1.066846   0.459960
 ###### energy       -1.75841475         0.05372705
 ###### press         1.11442596         0.09691314
 ###### dens          0.47089400         0.01128038
   number of blocks         5000
         0   0.0034   0.0000   0.0061   0.0001   0.0007   0.0000
         1   0.0045   0.0001   0.0070   0.0001   0.0010   0.0000
         2   0.0059   0.0001   0.0082   0.0002   0.0014   0.0000
         3   0.0077   0.0002   0.0096   0.0003   0.0018   0.0001
         4   0.0098   0.0004   0.0114   0.0005   0.0024   0.0001
         5   0.0123   0.0007   0.0135   0.0008   0.0030   0.0002
         6   0.0146   0.0012   0.0156   0.0013   0.0036   0.0003
         7   0.0164   0.0019   0.0180   0.0021   0.0041   0.0005
         8   0.0165   0.0027   0.0183   0.0031   0.0041   0.0007
         9   0.0145   0.0036   0.0140   0.0035   0.0032   0.0008
        10   0.0125   0.0051   0.0115   0.0047   0.0030   0.0012
        11   0.0174   0.0123   0.0021   0.0015   0.0040   0.0028
