  ***** Calculate block averages ************
   number of averages            3
 block data     1  -3.071675   3.915546   0.848640
 block data     2  -2.947146   3.504291   0.812800
 block data     3  -2.962759   3.532280   0.828760
 block data     4  -2.864013   3.262362   0.795320
 block data     5  -2.897923   3.412947   0.805640
 block data     6  -3.059397   3.641189   0.837840
 block data     7  -3.048769   3.742849   0.843880
 block data     8  -3.044157   3.529177   0.833400
 block data     9  -3.000387   3.629018   0.827560
 block data    10  -3.001262   3.866554   0.833600
 block data    11  -3.078644   3.901714   0.853560
 block data    12  -2.957056   3.496812   0.817320
 block data    13  -3.039584   3.707264   0.840880
 block data    14  -3.119340   4.041742   0.860560
 block data    15  -3.039859   3.885852   0.848560
 block data    16  -3.010582   3.908727   0.841320
 block data    17  -2.865471   3.540931   0.805160
 block data    18  -3.072708   3.868206   0.848360
 block data    19  -3.003065   3.817040   0.836040
 block data    20  -2.954550   3.541201   0.817720
 ###### energy       -3.00191732         0.04089587
 ###### press         3.68728499         0.18485798
 ###### dens          0.83184600         0.00793250
   number of blocks         5000
         0   0.0026   0.0000   0.0117   0.0001   0.0005   0.0000
         1   0.0034   0.0000   0.0149   0.0002   0.0007   0.0000
         2   0.0044   0.0001   0.0188   0.0004   0.0010   0.0000
         3   0.0057   0.0002   0.0235   0.0007   0.0014   0.0000
         4   0.0074   0.0003   0.0296   0.0012   0.0019   0.0001
         5   0.0096   0.0005   0.0371   0.0021   0.0026   0.0001
         6   0.0118   0.0010   0.0433   0.0035   0.0034   0.0003
         7   0.0137   0.0016   0.0506   0.0058   0.0039   0.0004
         8   0.0158   0.0026   0.0559   0.0093   0.0045   0.0007
         9   0.0148   0.0037   0.0562   0.0141   0.0037   0.0009
        10   0.0163   0.0067   0.0836   0.0341   0.0053   0.0021
        11   0.0193   0.0136   0.1191   0.0842   0.0068   0.0048
