  ***** Calculate block averages ************
   number of averages            3
 block data     1  -2.567913   2.337708   0.698200
 block data     2  -2.461283   2.097888   0.664320
 block data     3  -2.525945   2.342004   0.684200
 block data     4  -2.500528   2.154609   0.670960
 block data     5  -2.542048   2.322660   0.686520
 block data     6  -2.644855   2.557548   0.716440
 block data     7  -2.714220   2.791928   0.740600
 block data     8  -2.612536   2.470743   0.708320
 block data     9  -2.430076   2.156216   0.661840
 block data    10  -2.543533   2.204387   0.684240
 block data    11  -2.581852   2.547263   0.705760
 block data    12  -2.672286   2.526932   0.721680
 block data    13  -2.722538   2.760446   0.740640
 block data    14  -2.604933   2.455270   0.703320
 block data    15  -2.545839   2.242113   0.688880
 block data    16  -2.551794   2.353487   0.692720
 block data    17  -2.623095   2.503214   0.708640
 block data    18  -2.514101   2.121129   0.672920
 block data    19  -2.557520   2.160612   0.688120
 block data    20  -2.617116   2.644106   0.716160
 ###### energy       -2.57670046         0.04535968
 ###### press         2.38751310         0.15431788
 ###### dens          0.69772400         0.00980495
   number of blocks         5000
         0   0.0029   0.0000   0.0098   0.0001   0.0006   0.0000
         1   0.0038   0.0001   0.0121   0.0002   0.0009   0.0000
         2   0.0049   0.0001   0.0150   0.0003   0.0012   0.0000
         3   0.0065   0.0002   0.0185   0.0005   0.0017   0.0000
         4   0.0086   0.0003   0.0232   0.0009   0.0023   0.0001
         5   0.0110   0.0006   0.0295   0.0017   0.0031   0.0002
         6   0.0140   0.0011   0.0368   0.0030   0.0040   0.0003
         7   0.0172   0.0020   0.0436   0.0050   0.0050   0.0006
         8   0.0187   0.0031   0.0504   0.0084   0.0057   0.0009
         9   0.0217   0.0054   0.0552   0.0138   0.0064   0.0016
        10   0.0252   0.0103   0.0619   0.0253   0.0073   0.0030
        11   0.0069   0.0049   0.0155   0.0110   0.0024   0.0017
