  ***** Calculate block averages ************
   number of averages            3
 block data     1   0.630182   0.099897   0.053160
 block data     2   0.670587   0.095658   0.049760
 block data     3   0.631513   0.106269   0.054280
 block data     4   0.692029   0.103979   0.051360
 block data     5   0.594654   0.110785   0.055760
 block data     6   0.635311   0.103168   0.053400
 block data     7   0.582570   0.105155   0.053600
 block data     8   0.676590   0.098907   0.051880
 block data     9   0.571369   0.113506   0.056200
 block data    10   0.649719   0.102511   0.051960
 block data    11   0.663851   0.101801   0.051480
 block data    12   0.636819   0.105361   0.052640
 block data    13   0.618433   0.103109   0.051520
 block data    14   0.566441   0.110360   0.055360
 block data    15   0.719902   0.098381   0.049640
 block data    16   0.538780   0.108087   0.056160
 block data    17   0.660542   0.102207   0.052560
 block data    18   0.637223   0.101730   0.052200
 block data    19   0.600502   0.106546   0.054160
 block data    20   0.630871   0.108660   0.055200
 ###### energy        0.63039451         0.14608691
 ###### press         0.10430389         0.01383256
 ###### dens          0.05311400         0.00532129
   number of blocks         5000
         0   0.0092   0.0001   0.0009   0.0000   0.0003   0.0000
         1   0.0098   0.0001   0.0009   0.0000   0.0004   0.0000
         2   0.0103   0.0002   0.0010   0.0000   0.0004   0.0000
         3   0.0106   0.0003   0.0010   0.0000   0.0004   0.0000
         4   0.0110   0.0004   0.0010   0.0000   0.0004   0.0000
         5   0.0113   0.0006   0.0010   0.0001   0.0005   0.0000
         6   0.0118   0.0010   0.0010   0.0001   0.0005   0.0000
         7   0.0108   0.0012   0.0009   0.0001   0.0004   0.0000
         8   0.0101   0.0017   0.0010   0.0002   0.0004   0.0001
         9   0.0079   0.0020   0.0009   0.0002   0.0003   0.0001
        10   0.0100   0.0041   0.0009   0.0004   0.0004   0.0001
        11   0.0082   0.0058   0.0007   0.0005   0.0000   0.0000
