  ***** Calculate block averages ************
   number of averages            3
 block data     1  -2.321485   1.904305   0.624240
 block data     2  -2.421012   2.091407   0.655800
 block data     3  -2.173700   1.785999   0.590080
 block data     4  -2.286421   1.706038   0.606960
 block data     5  -2.318100   1.913909   0.623320
 block data     6  -2.399902   1.989144   0.642440
 block data     7  -2.258494   1.826049   0.606480
 block data     8  -2.453433   1.958924   0.653800
 block data     9  -2.247295   1.780711   0.612320
 block data    10  -2.427162   2.019614   0.653640
 block data    11  -2.185411   1.701848   0.590280
 block data    12  -2.216960   1.809389   0.603200
 block data    13  -2.430190   2.069504   0.654720
 block data    14  -2.445927   2.079854   0.650480
 block data    15  -2.304904   1.826742   0.619000
 block data    16  -2.341697   1.958752   0.638080
 block data    17  -2.228358   1.762978   0.602760
 block data    18  -2.246223   1.709891   0.600280
 block data    19  -2.381183   1.904065   0.635360
 block data    20  -2.381392   1.921557   0.632680
 ###### energy       -2.32346249         0.04938331
 ###### press         1.88603399         0.13562334
 ###### dens          0.62479600         0.01048160
   number of blocks         5000
         0   0.0031   0.0000   0.0086   0.0001   0.0007   0.0000
         1   0.0041   0.0001   0.0104   0.0001   0.0009   0.0000
         2   0.0054   0.0001   0.0126   0.0003   0.0013   0.0000
         3   0.0072   0.0002   0.0154   0.0004   0.0018   0.0001
         4   0.0093   0.0004   0.0188   0.0008   0.0024   0.0001
         5   0.0121   0.0007   0.0229   0.0013   0.0031   0.0002
         6   0.0146   0.0012   0.0249   0.0020   0.0038   0.0003
         7   0.0164   0.0019   0.0289   0.0033   0.0044   0.0005
         8   0.0158   0.0026   0.0263   0.0044   0.0041   0.0007
         9   0.0192   0.0048   0.0304   0.0076   0.0049   0.0012
        10   0.0163   0.0067   0.0198   0.0081   0.0035   0.0014
        11   0.0006   0.0004   0.0020   0.0014   0.0012   0.0009
