  ***** Calculate block averages ************
   number of averages            3
 block data     1  -1.065669   0.580848   0.294000
 block data     2  -0.936121   0.526933   0.269280
 block data     3  -0.928248   0.544028   0.270680
 block data     4  -0.944052   0.560192   0.271200
 block data     5  -1.007801   0.572959   0.285800
 block data     6  -1.042521   0.607723   0.294600
 block data     7  -1.007077   0.586152   0.286160
 block data     8  -1.039203   0.640875   0.297040
 block data     9  -0.954047   0.520653   0.267760
 block data    10  -0.985861   0.589974   0.282920
 block data    11  -0.995909   0.551097   0.283040
 block data    12  -0.979077   0.585250   0.282040
 block data    13  -0.969494   0.534559   0.273640
 block data    14  -0.962813   0.542505   0.275240
 block data    15  -0.969525   0.560770   0.278120
 block data    16  -1.012611   0.606709   0.289360
 block data    17  -0.981944   0.578078   0.283040
 block data    18  -1.005409   0.605817   0.289280
 block data    19  -0.991260   0.566830   0.281000
 block data    20  -0.952718   0.543878   0.275800
 ###### energy       -0.98656802         0.05904906
 ###### press         0.57029153         0.05648372
 ###### dens          0.28150000         0.01115336
   number of blocks         5000
         0   0.0037   0.0000   0.0036   0.0000   0.0007   0.0000
         1   0.0048   0.0001   0.0039   0.0001   0.0010   0.0000
         2   0.0063   0.0001   0.0044   0.0001   0.0013   0.0000
         3   0.0080   0.0002   0.0050   0.0001   0.0017   0.0000
         4   0.0098   0.0004   0.0058   0.0002   0.0021   0.0001
         5   0.0111   0.0006   0.0067   0.0004   0.0024   0.0001
         6   0.0123   0.0010   0.0072   0.0006   0.0026   0.0002
         7   0.0108   0.0012   0.0073   0.0008   0.0024   0.0003
         8   0.0102   0.0017   0.0077   0.0013   0.0024   0.0004
         9   0.0100   0.0025   0.0074   0.0018   0.0024   0.0006
        10   0.0113   0.0046   0.0098   0.0040   0.0028   0.0012
        11   0.0059   0.0042   0.0054   0.0038   0.0014   0.0010
