  ***** Calculate block averages ************
   number of averages            3
 block data     1  -3.223965   4.472624   0.894840
 block data     2  -3.039051   3.937144   0.843600
 block data     3  -2.958493   3.607752   0.819640
 block data     4  -3.090342   4.556538   0.875400
 block data     5  -3.183505   4.314610   0.888200
 block data     6  -3.182936   4.619983   0.895480
 block data     7  -3.137743   4.051077   0.869160
 block data     8  -3.231857   4.631197   0.912120
 block data     9  -3.126918   4.104169   0.874640
 block data    10  -3.226788   4.907594   0.921560
 block data    11  -3.206172   4.484825   0.900200
 block data    12  -3.159077   4.471092   0.889720
 block data    13  -3.109332   4.638818   0.882200
 block data    14  -3.135572   4.356753   0.885880
 block data    15  -3.030783   4.063052   0.850800
 block data    16  -3.184746   4.380362   0.891040
 block data    17  -3.199399   5.059935   0.916320
 block data    18  -3.112820   4.594454   0.888120
 block data    19  -3.138450   4.269636   0.878480
 block data    20  -3.068814   3.896351   0.855240
 ###### energy       -3.13733806         0.04184280
 ###### press         4.37089830         0.21135060
 ###### dens          0.88163200         0.00854171
   number of blocks         5000
         0   0.0026   0.0000   0.0134   0.0001   0.0005   0.0000
         1   0.0035   0.0000   0.0174   0.0002   0.0008   0.0000
         2   0.0045   0.0001   0.0226   0.0005   0.0011   0.0000
         3   0.0059   0.0002   0.0288   0.0008   0.0015   0.0000
         4   0.0076   0.0003   0.0369   0.0015   0.0021   0.0001
         5   0.0096   0.0005   0.0466   0.0026   0.0029   0.0002
         6   0.0122   0.0010   0.0576   0.0046   0.0038   0.0003
         7   0.0154   0.0018   0.0702   0.0081   0.0050   0.0006
         8   0.0190   0.0032   0.0797   0.0133   0.0061   0.0010
         9   0.0157   0.0039   0.0498   0.0124   0.0051   0.0013
        10   0.0228   0.0093   0.0814   0.0332   0.0082   0.0033
        11   0.0100   0.0071   0.0984   0.0696   0.0068   0.0048
