  ***** Calculate block averages ************
   number of averages            3
 block data     1   1.352070   0.050706   0.025240
 block data     2   1.542079   0.049302   0.025360
 block data     3   1.420422   0.052603   0.027240
 block data     4   1.482360   0.049867   0.025200
 block data     5   1.476486   0.048827   0.025280
 block data     6   1.459086   0.052222   0.027200
 block data     7   1.374456   0.054501   0.028040
 block data     8   1.510048   0.050914   0.026640
 block data     9   1.502968   0.050634   0.025480
 block data    10   1.411829   0.053792   0.026120
 block data    11   1.428738   0.053610   0.026280
 block data    12   1.373170   0.051775   0.025920
 block data    13   1.364535   0.051457   0.026080
 block data    14   1.479525   0.053280   0.025680
 block data    15   1.525753   0.048060   0.024040
 block data    16   1.512102   0.050240   0.024400
 block data    17   1.408833   0.051691   0.026520
 block data    18   1.442076   0.052440   0.026480
 block data    19   1.479623   0.044855   0.023280
 block data    20   1.469627   0.050424   0.024960
 ###### energy        1.45078932         0.24293689
 ###### press         0.05106003         0.00846394
 ###### dens          0.02577200         0.00364173
   number of blocks         5000
         0   0.0154   0.0002   0.0005   0.0000   0.0002   0.0000
         1   0.0154   0.0002   0.0005   0.0000   0.0002   0.0000
         2   0.0153   0.0003   0.0005   0.0000   0.0002   0.0000
         3   0.0150   0.0004   0.0006   0.0000   0.0002   0.0000
         4   0.0144   0.0006   0.0006   0.0000   0.0002   0.0000
         5   0.0142   0.0008   0.0006   0.0000   0.0003   0.0000
         6   0.0132   0.0011   0.0006   0.0001   0.0003   0.0000
         7   0.0106   0.0012   0.0006   0.0001   0.0003   0.0000
         8   0.0127   0.0021   0.0006   0.0001   0.0003   0.0000
         9   0.0105   0.0026   0.0005   0.0001   0.0002   0.0001
        10   0.0148   0.0060   0.0003   0.0001   0.0003   0.0001
        11   0.0077   0.0054   0.0004   0.0003   0.0003   0.0002
