  ***** Calculate block averages ************
   number of averages            3
 block data     1  -2.940219   3.251121   0.806160
 block data     2  -2.823093   2.955103   0.769760
 block data     3  -2.868648   3.134639   0.785360
 block data     4  -2.747699   3.032291   0.764400
 block data     5  -2.913351   3.355238   0.805720
 block data     6  -2.859213   3.148500   0.782800
 block data     7  -2.790449   2.935486   0.762880
 block data     8  -2.934338   3.475972   0.806640
 block data     9  -2.937629   3.772012   0.818440
 block data    10  -2.885548   3.507742   0.805400
 block data    11  -2.828889   2.765413   0.761440
 block data    12  -2.875853   3.082549   0.786600
 block data    13  -2.960286   3.488092   0.813680
 block data    14  -2.891554   3.432661   0.797720
 block data    15  -2.995717   3.655463   0.827200
 block data    16  -2.929679   3.295432   0.800720
 block data    17  -2.770239   3.061784   0.769680
 block data    18  -2.910176   3.128123   0.791080
 block data    19  -2.816093   3.094835   0.771360
 block data    20  -2.901991   3.198238   0.793360
 ###### energy       -2.87903315         0.04201426
 ###### press         3.23853472         0.17909986
 ###### dens          0.79102000         0.00860360
   number of blocks         5000
         0   0.0027   0.0000   0.0113   0.0001   0.0005   0.0000
         1   0.0034   0.0000   0.0144   0.0002   0.0008   0.0000
         2   0.0045   0.0001   0.0183   0.0004   0.0011   0.0000
         3   0.0059   0.0002   0.0228   0.0006   0.0015   0.0000
         4   0.0077   0.0003   0.0287   0.0011   0.0021   0.0001
         5   0.0099   0.0006   0.0345   0.0020   0.0028   0.0002
         6   0.0121   0.0010   0.0443   0.0036   0.0035   0.0003
         7   0.0143   0.0016   0.0522   0.0060   0.0043   0.0005
         8   0.0161   0.0027   0.0589   0.0098   0.0047   0.0008
         9   0.0119   0.0030   0.0456   0.0114   0.0030   0.0008
        10   0.0166   0.0068   0.0586   0.0239   0.0044   0.0018
        11   0.0176   0.0125   0.0555   0.0392   0.0050   0.0036
