  ***** Calculate block averages ************
   number of averages            3
 block data     1  -5.553341   0.706467   0.915364
 block data     2  -5.497503   0.820844   0.905256
 block data     3  -5.667643   0.660903   0.940672
 block data     4  -5.620074   1.052681   0.930420
 block data     5  -5.464130   0.668102   0.891712
 block data     6  -5.481477   0.730243   0.896136
 block data     7  -5.379223   0.636820   0.883336
 block data     8  -5.425212   0.444055   0.888304
 block data     9  -5.560649   0.395102   0.909592
 block data    10  -5.464662   0.616902   0.905236
 block data    11  -5.440297   0.734644   0.894460
 block data    12  -5.469322   0.676474   0.900708
 block data    13  -5.666583   1.156617   0.937404
 block data    14  -5.422231   0.602721   0.888788
 block data    15  -5.365305   0.390440   0.868504
 block data    16  -5.487247   0.531899   0.904344
 block data    17  -5.511159   0.899279   0.912700
 block data    18  -5.581798   0.934564   0.921220
 block data    19  -5.452142   0.722958   0.892360
 block data    20  -5.469765   0.682718   0.896336
 ###### energy       -5.49898816         0.03491268
 ###### press         0.70322162         0.13159698
 ###### dens          0.90414260         0.00597470
   number of blocks        50000
         0   0.0007   0.0000   0.0026   0.0000   0.0001   0.0000
         1   0.0010   0.0000   0.0035   0.0000   0.0002   0.0000
         2   0.0013   0.0000   0.0047   0.0000   0.0002   0.0000
         3   0.0018   0.0000   0.0063   0.0001   0.0003   0.0000
         4   0.0025   0.0000   0.0083   0.0001   0.0005   0.0000
         5   0.0035   0.0001   0.0109   0.0002   0.0007   0.0000
         6   0.0048   0.0001   0.0143   0.0004   0.0009   0.0000
         7   0.0066   0.0002   0.0187   0.0007   0.0013   0.0000
         8   0.0089   0.0005   0.0240   0.0012   0.0018   0.0001
         9   0.0120   0.0009   0.0308   0.0022   0.0024   0.0002
        10   0.0149   0.0015   0.0370   0.0038   0.0031   0.0003
        11   0.0182   0.0027   0.0442   0.0065   0.0039   0.0006
        12   0.0198   0.0042   0.0409   0.0087   0.0044   0.0009
        13   0.0178   0.0056   0.0451   0.0143   0.0040   0.0013
        14   0.0171   0.0086   0.0183   0.0092   0.0035   0.0017
