  ***** Calculate block averages ************
   number of averages            3
 block data     1  -5.723553   1.194315   0.960476
 block data     2  -5.839279   1.748007   0.983152
 block data     3  -5.880398   1.982803   0.998352
 block data     4  -5.915965   2.455609   1.016948
 block data     5  -5.933068   2.145457   1.011556
 block data     6  -6.033978   2.321485   1.026204
 block data     7  -6.162181   2.271675   1.043772
 block data     8  -6.233542   2.618654   1.059204
 block data     9  -6.200673   2.477774   1.050000
 block data    10  -6.240604   2.619228   1.061572
 block data    11  -6.235537   2.573534   1.057956
 block data    12  -6.173185   2.542945   1.049580
 block data    13  -6.233608   2.463999   1.053872
 block data    14  -6.277387   2.615202   1.063384
 block data    15  -6.276111   2.448823   1.057524
 block data    16  -6.340608   2.438428   1.059900
 block data    17  -6.279512   2.551559   1.057248
 block data    18  -6.150983   2.343973   1.038412
 block data    19  -6.195591   2.298550   1.047392
 block data    20  -6.143994   2.418148   1.043264
 ###### energy       -6.12348770         0.04385294
 ###### press         2.32650842         0.14719414
 ###### dens          1.03698837         0.00654627
   number of blocks        50000
         0   0.0009   0.0000   0.0029   0.0000   0.0001   0.0000
         1   0.0012   0.0000   0.0040   0.0000   0.0002   0.0000
         2   0.0017   0.0000   0.0054   0.0000   0.0003   0.0000
         3   0.0024   0.0000   0.0072   0.0001   0.0004   0.0000
         4   0.0033   0.0000   0.0096   0.0001   0.0005   0.0000
         5   0.0046   0.0001   0.0126   0.0002   0.0007   0.0000
         6   0.0065   0.0002   0.0165   0.0004   0.0010   0.0000
         7   0.0091   0.0003   0.0220   0.0008   0.0015   0.0001
         8   0.0127   0.0006   0.0294   0.0015   0.0021   0.0001
         9   0.0180   0.0013   0.0394   0.0028   0.0030   0.0002
        10   0.0256   0.0026   0.0538   0.0056   0.0042   0.0004
        11   0.0361   0.0053   0.0737   0.0109   0.0060   0.0009
        12   0.0510   0.0109   0.0947   0.0202   0.0083   0.0018
        13   0.0739   0.0234   0.1337   0.0423   0.0121   0.0038
        14   0.1084   0.0542   0.1657   0.0829   0.0171   0.0086
