  ***** Calculate block averages ************
   number of averages            3
 block data     1  -0.108165   0.000396   0.000512
 block data     2  -0.086768   0.000326   0.000416
 block data     3  -0.126922   0.000470   0.000608
 block data     4  -0.128976   0.000459   0.000588
 block data     5  -0.108456   0.000407   0.000520
 block data     6  -0.115268   0.000417   0.000532
 block data     7  -0.118600   0.000421   0.000536
 block data     8  -0.093827   0.000342   0.000436
 block data     9  -0.107747   0.000399   0.000516
 block data    10  -0.103582   0.000376   0.000480
 block data    11  -0.099575   0.000358   0.000456
 block data    12  -0.102678   0.000373   0.000476
 block data    13  -0.109176   0.000405   0.000516
 block data    14  -0.086486   0.000308   0.000396
 block data    15  -0.108190   0.000386   0.000500
 block data    16  -0.123473   0.000443   0.000564
 block data    17  -0.121444   0.000436   0.000560
 block data    18  -0.097907   0.000354   0.000464
 block data    19  -0.097833   0.000360   0.000460
 block data    20  -0.103563   0.000377   0.000480
 ###### energy       -0.10743181         0.10605317
 ###### press         0.00039049         0.00038732
 ###### dens          0.00050080         0.00049866
   number of blocks        50000
         0   0.0021   0.0000   0.0000   0.0000   0.0000   0.0000
         1   0.0021   0.0000   0.0000   0.0000   0.0000   0.0000
         2   0.0021   0.0000   0.0000   0.0000   0.0000   0.0000
         3   0.0021   0.0000   0.0000   0.0000   0.0000   0.0000
         4   0.0021   0.0000   0.0000   0.0000   0.0000   0.0000
         5   0.0020   0.0000   0.0000   0.0000   0.0000   0.0000
         6   0.0020   0.0001   0.0000   0.0000   0.0000   0.0000
         7   0.0021   0.0001   0.0000   0.0000   0.0000   0.0000
         8   0.0021   0.0001   0.0000   0.0000   0.0000   0.0000
         9   0.0023   0.0002   0.0000   0.0000   0.0000   0.0000
        10   0.0021   0.0002   0.0000   0.0000   0.0000   0.0000
        11   0.0025   0.0004   0.0000   0.0000   0.0000   0.0000
        12   0.0031   0.0007   0.0000   0.0000   0.0000   0.0000
        13   0.0023   0.0007   0.0000   0.0000   0.0000   0.0000
        14   0.0030   0.0015   0.0000   0.0000   0.0000   0.0000
