  ***** Calculate block averages ************
   number of averages            3
 block data     1  -5.508681   0.698591   0.900584
 block data     2  -5.314867   0.422764   0.854340
 block data     3  -5.462375   0.607320   0.896460
 block data     4  -5.247536   0.357862   0.846700
 block data     5  -5.303913   0.395492   0.858700
 block data     6  -5.277336   0.335002   0.857292
 block data     7  -5.236711   0.301305   0.841500
 block data     8  -5.353792   0.485000   0.866300
 block data     9  -5.345446   0.467527   0.868004
 block data    10  -5.309448   0.400224   0.857564
 block data    11  -5.259544   0.342428   0.851364
 block data    12  -5.266211   0.273327   0.845132
 block data    13  -5.275877   0.235975   0.853360
 block data    14  -5.385570   0.528687   0.872944
 block data    15  -5.200982   0.153087   0.835316
 block data    16  -5.196287   0.166871   0.837848
 block data    17  -5.166718   0.105470   0.827828
 block data    18  -5.302433   0.356221   0.851636
 block data    19  -5.192709   0.171645   0.829224
 block data    20  -5.409823   0.509615   0.879564
 ###### energy       -5.30081299         0.04204610
 ###### press         0.36572062         0.12385517
 ###### dens          0.85658300         0.00826644
   number of blocks        50000
         0   0.0008   0.0000   0.0025   0.0000   0.0002   0.0000
         1   0.0012   0.0000   0.0033   0.0000   0.0002   0.0000
         2   0.0016   0.0000   0.0044   0.0000   0.0003   0.0000
         3   0.0023   0.0000   0.0058   0.0001   0.0005   0.0000
         4   0.0031   0.0000   0.0076   0.0001   0.0007   0.0000
         5   0.0044   0.0001   0.0100   0.0002   0.0009   0.0000
         6   0.0060   0.0002   0.0129   0.0003   0.0013   0.0000
         7   0.0083   0.0003   0.0166   0.0006   0.0018   0.0001
         8   0.0112   0.0006   0.0216   0.0011   0.0025   0.0001
         9   0.0145   0.0010   0.0273   0.0020   0.0032   0.0002
        10   0.0184   0.0019   0.0345   0.0036   0.0040   0.0004
        11   0.0213   0.0031   0.0376   0.0055   0.0047   0.0007
        12   0.0232   0.0049   0.0408   0.0087   0.0049   0.0010
        13   0.0278   0.0088   0.0502   0.0159   0.0060   0.0019
        14   0.0312   0.0156   0.0616   0.0308   0.0075   0.0037
