  ***** Calculate block averages ************
   number of averages            3
 block data     1  -0.854816   0.004586   0.006176
 block data     2  -0.875778   0.004797   0.006396
 block data     3  -0.812104   0.004485   0.005996
 block data     4  -0.860559   0.004525   0.006264
 block data     5  -0.887610   0.004747   0.006420
 block data     6  -0.848988   0.004813   0.006372
 block data     7  -0.828181   0.004519   0.006004
 block data     8  -0.841660   0.004652   0.006164
 block data     9  -0.840129   0.004728   0.006260
 block data    10  -0.846910   0.004670   0.006204
 block data    11  -0.813004   0.004426   0.005880
 block data    12  -0.845116   0.004684   0.006044
 block data    13  -0.845670   0.004558   0.006192
 block data    14  -0.867904   0.004682   0.006304
 block data    15  -0.848287   0.004711   0.006196
 block data    16  -0.849601   0.004588   0.006184
 block data    17  -0.851223   0.004514   0.006088
 block data    18  -0.851484   0.004538   0.006212
 block data    19  -0.873296   0.004983   0.006584
 block data    20  -0.814755   0.004438   0.006092
 ###### energy       -0.84785380         0.22368276
 ###### press         0.00463224         0.00155571
 ###### dens          0.00620160         0.00184207
   number of blocks        50000
         0   0.0045   0.0000   0.0000   0.0000   0.0000   0.0000
         1   0.0045   0.0000   0.0000   0.0000   0.0000   0.0000
         2   0.0045   0.0000   0.0000   0.0000   0.0000   0.0000
         3   0.0045   0.0000   0.0000   0.0000   0.0000   0.0000
         4   0.0045   0.0001   0.0000   0.0000   0.0000   0.0000
         5   0.0045   0.0001   0.0000   0.0000   0.0000   0.0000
         6   0.0047   0.0001   0.0000   0.0000   0.0000   0.0000
         7   0.0047   0.0002   0.0000   0.0000   0.0000   0.0000
         8   0.0052   0.0003   0.0000   0.0000   0.0000   0.0000
         9   0.0050   0.0004   0.0000   0.0000   0.0000   0.0000
        10   0.0050   0.0005   0.0000   0.0000   0.0000   0.0000
        11   0.0043   0.0006   0.0000   0.0000   0.0000   0.0000
        12   0.0038   0.0008   0.0000   0.0000   0.0000   0.0000
        13   0.0044   0.0014   0.0000   0.0000   0.0000   0.0000
        14   0.0063   0.0031   0.0000   0.0000   0.0000   0.0000
