  ***** Calculate block averages ************
   number of averages            3
 block data     1  -0.748734   0.003896   0.005288
 block data     2  -0.785688   0.003969   0.005348
 block data     3  -0.766466   0.003853   0.005140
 block data     4  -0.778907   0.003923   0.005268
 block data     5  -0.788263   0.003958   0.005288
 block data     6  -0.753107   0.003890   0.005236
 block data     7  -0.799976   0.004278   0.005640
 block data     8  -0.783123   0.004265   0.005528
 block data     9  -0.786129   0.004068   0.005544
 block data    10  -0.766243   0.004021   0.005396
 block data    11  -0.759291   0.003995   0.005204
 block data    12  -0.731674   0.003825   0.005052
 block data    13  -0.784578   0.003949   0.005300
 block data    14  -0.773818   0.003936   0.005328
 block data    15  -0.777083   0.003858   0.005176
 block data    16  -0.764861   0.003930   0.005320
 block data    17  -0.779065   0.004083   0.005368
 block data    18  -0.788659   0.003985   0.005260
 block data    19  -0.790897   0.004149   0.005460
 block data    20  -0.799154   0.004240   0.005732
 ###### energy       -0.77528580         0.22239881
 ###### press         0.00400353         0.00138650
 ###### dens          0.00534380         0.00170073
   number of blocks        50000
         0   0.0044   0.0000   0.0000   0.0000   0.0000   0.0000
         1   0.0045   0.0000   0.0000   0.0000   0.0000   0.0000
         2   0.0044   0.0000   0.0000   0.0000   0.0000   0.0000
         3   0.0044   0.0000   0.0000   0.0000   0.0000   0.0000
         4   0.0044   0.0001   0.0000   0.0000   0.0000   0.0000
         5   0.0044   0.0001   0.0000   0.0000   0.0000   0.0000
         6   0.0042   0.0001   0.0000   0.0000   0.0000   0.0000
         7   0.0043   0.0002   0.0000   0.0000   0.0000   0.0000
         8   0.0044   0.0002   0.0000   0.0000   0.0000   0.0000
         9   0.0046   0.0003   0.0000   0.0000   0.0000   0.0000
        10   0.0042   0.0004   0.0000   0.0000   0.0000   0.0000
        11   0.0034   0.0005   0.0000   0.0000   0.0000   0.0000
        12   0.0041   0.0009   0.0000   0.0000   0.0000   0.0000
        13   0.0048   0.0015   0.0000   0.0000   0.0000   0.0000
        14   0.0033   0.0017   0.0000   0.0000   0.0000   0.0000
