  ***** Calculate block averages ************
   number of averages            3
 block data     1  -5.222446   0.184172   0.837888
 block data     2  -5.132847   0.122648   0.818184
 block data     3  -5.059122   0.109637   0.791440
 block data     4  -5.078322   0.026486   0.798852
 block data     5  -5.091665   0.142333   0.802992
 block data     6  -5.192291   0.256067   0.822060
 block data     7  -5.038535   0.015151   0.791376
 block data     8  -5.170429   0.166334   0.820112
 block data     9  -5.182990   0.220069   0.827948
 block data    10  -5.050899  -0.044485   0.798376
 block data    11  -5.119688   0.150511   0.812804
 block data    12  -5.176215   0.205325   0.822812
 block data    13  -5.095265   0.087093   0.802104
 block data    14  -4.917756  -0.111008   0.761812
 block data    15  -5.163502   0.097693   0.824608
 block data    16  -5.078863   0.041429   0.803168
 block data    17  -5.060170   0.104041   0.803088
 block data    18  -5.094297   0.107573   0.802448
 block data    19  -5.161131   0.153734   0.820756
 block data    20  -5.117039   0.142352   0.811116
 ###### energy       -5.11017352         0.03994241
 ###### press         0.10885763         0.11029181
 ###### dens          0.80869720         0.00827978
   number of blocks        50000
         0   0.0008   0.0000   0.0022   0.0000   0.0002   0.0000
         1   0.0011   0.0000   0.0029   0.0000   0.0002   0.0000
         2   0.0015   0.0000   0.0038   0.0000   0.0003   0.0000
         3   0.0021   0.0000   0.0049   0.0000   0.0005   0.0000
         4   0.0029   0.0000   0.0063   0.0001   0.0007   0.0000
         5   0.0041   0.0001   0.0080   0.0001   0.0009   0.0000
         6   0.0055   0.0001   0.0101   0.0003   0.0013   0.0000
         7   0.0075   0.0003   0.0124   0.0004   0.0017   0.0001
         8   0.0098   0.0005   0.0149   0.0008   0.0022   0.0001
         9   0.0119   0.0009   0.0178   0.0013   0.0028   0.0002
        10   0.0140   0.0014   0.0216   0.0022   0.0033   0.0003
        11   0.0134   0.0020   0.0199   0.0029   0.0033   0.0005
        12   0.0122   0.0026   0.0160   0.0034   0.0031   0.0007
        13   0.0104   0.0033   0.0184   0.0058   0.0023   0.0007
        14   0.0128   0.0064   0.0171   0.0086   0.0023   0.0011
