  ***** Calculate block averages ************
   number of averages            3
 block data     1  -0.592842   0.002771   0.003604
 block data     2  -0.614319   0.002805   0.003772
 block data     3  -0.590055   0.002795   0.003608
 block data     4  -0.598142   0.002698   0.003640
 block data     5  -0.614188   0.002847   0.003800
 block data     6  -0.648009   0.002874   0.003784
 block data     7  -0.614240   0.002953   0.003720
 block data     8  -0.593377   0.002717   0.003544
 block data     9  -0.623966   0.002853   0.003712
 block data    10  -0.616277   0.002849   0.003744
 block data    11  -0.609957   0.002753   0.003720
 block data    12  -0.580137   0.002744   0.003580
 block data    13  -0.590671   0.002876   0.003760
 block data    14  -0.576639   0.002726   0.003444
 block data    15  -0.599209   0.002822   0.003792
 block data    16  -0.585742   0.002778   0.003640
 block data    17  -0.632690   0.002926   0.003836
 block data    18  -0.594159   0.002854   0.003612
 block data    19  -0.613494   0.002784   0.003624
 block data    20  -0.582046   0.002772   0.003684
 ###### energy       -0.60350806         0.21243250
 ###### press         0.00280991         0.00116050
 ###### dens          0.00368100         0.00139786
   number of blocks        50000
         0   0.0042   0.0000   0.0000   0.0000   0.0000   0.0000
         1   0.0042   0.0000   0.0000   0.0000   0.0000   0.0000
         2   0.0042   0.0000   0.0000   0.0000   0.0000   0.0000
         3   0.0042   0.0000   0.0000   0.0000   0.0000   0.0000
         4   0.0042   0.0001   0.0000   0.0000   0.0000   0.0000
         5   0.0041   0.0001   0.0000   0.0000   0.0000   0.0000
         6   0.0041   0.0001   0.0000   0.0000   0.0000   0.0000
         7   0.0041   0.0001   0.0000   0.0000   0.0000   0.0000
         8   0.0039   0.0002   0.0000   0.0000   0.0000   0.0000
         9   0.0039   0.0003   0.0000   0.0000   0.0000   0.0000
        10   0.0040   0.0004   0.0000   0.0000   0.0000   0.0000
        11   0.0037   0.0005   0.0000   0.0000   0.0000   0.0000
        12   0.0040   0.0009   0.0000   0.0000   0.0000   0.0000
        13   0.0046   0.0014   0.0000   0.0000   0.0000   0.0000
        14   0.0027   0.0013   0.0000   0.0000   0.0000   0.0000
