  ***** Calculate block averages ************
   number of averages            3
 block data     1  -0.700393   0.003452   0.004584
 block data     2  -0.706380   0.003480   0.004620
 block data     3  -0.688606   0.003441   0.004548
 block data     4  -0.711497   0.003747   0.004904
 block data     5  -0.680815   0.003570   0.004556
 block data     6  -0.707006   0.003473   0.004504
 block data     7  -0.692166   0.003413   0.004460
 block data     8  -0.717629   0.003487   0.004596
 block data     9  -0.674605   0.003265   0.004304
 block data    10  -0.671783   0.003291   0.004392
 block data    11  -0.699476   0.003499   0.004428
 block data    12  -0.691205   0.003348   0.004396
 block data    13  -0.712103   0.003553   0.004768
 block data    14  -0.699168   0.003421   0.004484
 block data    15  -0.699889   0.003374   0.004440
 block data    16  -0.704126   0.003439   0.004556
 block data    17  -0.711186   0.003473   0.004652
 block data    18  -0.688149   0.003335   0.004436
 block data    19  -0.694446   0.003389   0.004528
 block data    20  -0.687931   0.003464   0.004600
 ###### energy       -0.69692790         0.21898330
 ###### press         0.00344566         0.00132664
 ###### dens          0.00453780         0.00156042
   number of blocks        50000
         0   0.0044   0.0000   0.0000   0.0000   0.0000   0.0000
         1   0.0044   0.0000   0.0000   0.0000   0.0000   0.0000
         2   0.0043   0.0000   0.0000   0.0000   0.0000   0.0000
         3   0.0044   0.0000   0.0000   0.0000   0.0000   0.0000
         4   0.0044   0.0001   0.0000   0.0000   0.0000   0.0000
         5   0.0044   0.0001   0.0000   0.0000   0.0000   0.0000
         6   0.0044   0.0001   0.0000   0.0000   0.0000   0.0000
         7   0.0044   0.0002   0.0000   0.0000   0.0000   0.0000
         8   0.0043   0.0002   0.0000   0.0000   0.0000   0.0000
         9   0.0042   0.0003   0.0000   0.0000   0.0000   0.0000
        10   0.0043   0.0004   0.0000   0.0000   0.0000   0.0000
        11   0.0036   0.0005   0.0000   0.0000   0.0000   0.0000
        12   0.0032   0.0007   0.0000   0.0000   0.0000   0.0000
        13   0.0026   0.0008   0.0000   0.0000   0.0000   0.0000
        14   0.0008   0.0004   0.0000   0.0000   0.0000   0.0000
