  ***** Calculate block averages ************
   number of averages            3
 block data     1  -0.304008   0.001171   0.001496
 block data     2  -0.295382   0.001161   0.001476
 block data     3  -0.298841   0.001247   0.001612
 block data     4  -0.305881   0.001240   0.001596
 block data     5  -0.281406   0.001075   0.001392
 block data     6  -0.274186   0.001116   0.001392
 block data     7  -0.295423   0.001155   0.001496
 block data     8  -0.300994   0.001232   0.001528
 block data     9  -0.279440   0.001165   0.001424
 block data    10  -0.298508   0.001239   0.001576
 block data    11  -0.285971   0.001106   0.001440
 block data    12  -0.326490   0.001288   0.001676
 block data    13  -0.300153   0.001173   0.001540
 block data    14  -0.289061   0.001177   0.001520
 block data    15  -0.295054   0.001121   0.001456
 block data    16  -0.314767   0.001186   0.001528
 block data    17  -0.303406   0.001210   0.001552
 block data    18  -0.286646   0.001176   0.001512
 block data    19  -0.311212   0.001179   0.001540
 block data    20  -0.281018   0.001130   0.001460
 ###### energy       -0.29639236         0.16653429
 ###### press         0.00117730         0.00070678
 ###### dens          0.00151060         0.00087681
   number of blocks        50000
         0   0.0033   0.0000   0.0000   0.0000   0.0000   0.0000
         1   0.0033   0.0000   0.0000   0.0000   0.0000   0.0000
         2   0.0033   0.0000   0.0000   0.0000   0.0000   0.0000
         3   0.0033   0.0000   0.0000   0.0000   0.0000   0.0000
         4   0.0033   0.0000   0.0000   0.0000   0.0000   0.0000
         5   0.0033   0.0001   0.0000   0.0000   0.0000   0.0000
         6   0.0033   0.0001   0.0000   0.0000   0.0000   0.0000
         7   0.0035   0.0001   0.0000   0.0000   0.0000   0.0000
         8   0.0035   0.0002   0.0000   0.0000   0.0000   0.0000
         9   0.0039   0.0003   0.0000   0.0000   0.0000   0.0000
        10   0.0042   0.0004   0.0000   0.0000   0.0000   0.0000
        11   0.0042   0.0006   0.0000   0.0000   0.0000   0.0000
        12   0.0041   0.0009   0.0000   0.0000   0.0000   0.0000
        13   0.0034   0.0011   0.0000   0.0000   0.0000   0.0000
        14   0.0024   0.0012   0.0000   0.0000   0.0000   0.0000
