  ***** Calculate block averages ************
   number of averages            3
 block data     1  -4.853782  -0.151189   0.745032
 block data     2  -4.954899  -0.030751   0.768340
 block data     3  -5.019719  -0.057138   0.781736
 block data     4  -4.823197  -0.115921   0.746176
 block data     5  -4.782887  -0.149897   0.732952
 block data     6  -4.918047  -0.090282   0.760060
 block data     7  -4.889470  -0.088386   0.761396
 block data     8  -4.822114  -0.139297   0.740888
 block data     9  -4.730244  -0.173826   0.716764
 block data    10  -4.941329  -0.073231   0.762496
 block data    11  -4.994532   0.014001   0.783988
 block data    12  -4.862694  -0.134488   0.750084
 block data    13  -5.011322   0.123439   0.781644
 block data    14  -4.901294  -0.075052   0.752968
 block data    15  -4.868353  -0.151508   0.748860
 block data    16  -4.821028  -0.109831   0.741156
 block data    17  -4.952777  -0.027165   0.768516
 block data    18  -4.814511  -0.161418   0.741100
 block data    19  -4.996592  -0.047413   0.778076
 block data    20  -4.816950  -0.144147   0.738524
 ###### energy       -4.88878703         0.04653355
 ###### press        -0.08917501         0.09988178
 ###### dens          0.75503780         0.00973255
   number of blocks        50000
         0   0.0009   0.0000   0.0020   0.0000   0.0002   0.0000
         1   0.0013   0.0000   0.0026   0.0000   0.0003   0.0000
         2   0.0018   0.0000   0.0034   0.0000   0.0004   0.0000
         3   0.0025   0.0000   0.0043   0.0000   0.0005   0.0000
         4   0.0035   0.0000   0.0054   0.0001   0.0008   0.0000
         5   0.0048   0.0001   0.0066   0.0001   0.0011   0.0000
         6   0.0066   0.0002   0.0080   0.0002   0.0015   0.0000
         7   0.0088   0.0003   0.0096   0.0003   0.0020   0.0001
         8   0.0114   0.0006   0.0116   0.0006   0.0025   0.0001
         9   0.0140   0.0010   0.0139   0.0010   0.0031   0.0002
        10   0.0178   0.0018   0.0166   0.0017   0.0039   0.0004
        11   0.0202   0.0030   0.0195   0.0029   0.0044   0.0007
        12   0.0169   0.0036   0.0149   0.0032   0.0038   0.0008
        13   0.0210   0.0066   0.0205   0.0065   0.0047   0.0015
        14   0.0038   0.0019   0.0146   0.0073   0.0010   0.0005
