  ***** Calculate block averages ************
   number of averages            3
 block data     1  -0.461411   0.002018   0.002656
 block data     2  -0.425403   0.001816   0.002360
 block data     3  -0.470757   0.002016   0.002628
 block data     4  -0.453148   0.001953   0.002584
 block data     5  -0.459420   0.001904   0.002512
 block data     6  -0.476743   0.002060   0.002664
 block data     7  -0.466460   0.001984   0.002596
 block data     8  -0.477740   0.001975   0.002608
 block data     9  -0.479473   0.002046   0.002704
 block data    10  -0.454884   0.001934   0.002480
 block data    11  -0.484445   0.002122   0.002732
 block data    12  -0.474129   0.002066   0.002636
 block data    13  -0.459576   0.001961   0.002552
 block data    14  -0.439231   0.001933   0.002564
 block data    15  -0.458134   0.001942   0.002544
 block data    16  -0.470045   0.001985   0.002620
 block data    17  -0.484427   0.002109   0.002700
 block data    18  -0.454411   0.002062   0.002672
 block data    19  -0.485584   0.002083   0.002688
 block data    20  -0.480220   0.002060   0.002668
 ###### energy       -0.46578205         0.19696124
 ###### press         0.00200136         0.00092900
 ###### dens          0.00260840         0.00116491
   number of blocks        50000
         0   0.0039   0.0000   0.0000   0.0000   0.0000   0.0000
         1   0.0039   0.0000   0.0000   0.0000   0.0000   0.0000
         2   0.0039   0.0000   0.0000   0.0000   0.0000   0.0000
         3   0.0039   0.0000   0.0000   0.0000   0.0000   0.0000
         4   0.0039   0.0000   0.0000   0.0000   0.0000   0.0000
         5   0.0040   0.0001   0.0000   0.0000   0.0000   0.0000
         6   0.0041   0.0001   0.0000   0.0000   0.0000   0.0000
         7   0.0042   0.0001   0.0000   0.0000   0.0000   0.0000
         8   0.0042   0.0002   0.0000   0.0000   0.0000   0.0000
         9   0.0043   0.0003   0.0000   0.0000   0.0000   0.0000
        10   0.0037   0.0004   0.0000   0.0000   0.0000   0.0000
        11   0.0040   0.0006   0.0000   0.0000   0.0000   0.0000
        12   0.0036   0.0008   0.0000   0.0000   0.0000   0.0000
        13   0.0033   0.0011   0.0000   0.0000   0.0000   0.0000
        14   0.0031   0.0015   0.0000   0.0000   0.0000   0.0000
