  ***** Calculate block averages ************
   number of averages            3
 block data     1  -5.683261   1.242362   0.951052
 block data     2  -5.787089   1.542535   0.973904
 block data     3  -5.840201   1.593507   0.983532
 block data     4  -5.618468   1.145304   0.940120
 block data     5  -5.549387   0.938511   0.923000
 block data     6  -5.635650   1.005393   0.943672
 block data     7  -5.649176   1.049531   0.937880
 block data     8  -5.645087   1.153644   0.944232
 block data     9  -5.629418   1.131618   0.944112
 block data    10  -5.665385   1.300364   0.947320
 block data    11  -5.725384   1.395008   0.965368
 block data    12  -5.728755   1.346993   0.960920
 block data    13  -5.697242   0.357722   0.933444
 block data    14  -5.684403   1.275111   0.949896
 block data    15  -5.647646   1.088111   0.936688
 block data    16  -5.617593   1.009198   0.931060
 block data    17  -5.687486   1.328572   0.953972
 block data    18  -5.566181   1.065471   0.928892
 block data    19  -5.739051   1.392993   0.960400
 block data    20  -5.678577   1.279996   0.954436
 ###### energy       -5.67377201         0.02950884
 ###### press         1.18209718         0.13788976
 ###### dens          0.94819500         0.00492270
   number of blocks        50000
         0   0.0006   0.0000   0.0028   0.0000   0.0001   0.0000
         1   0.0008   0.0000   0.0037   0.0000   0.0001   0.0000
         2   0.0011   0.0000   0.0050   0.0000   0.0002   0.0000
         3   0.0015   0.0000   0.0067   0.0001   0.0003   0.0000
         4   0.0021   0.0000   0.0088   0.0001   0.0004   0.0000
         5   0.0028   0.0001   0.0116   0.0002   0.0006   0.0000
         6   0.0038   0.0001   0.0153   0.0004   0.0008   0.0000
         7   0.0052   0.0002   0.0201   0.0007   0.0011   0.0000
         8   0.0071   0.0004   0.0263   0.0013   0.0015   0.0001
         9   0.0095   0.0007   0.0340   0.0025   0.0021   0.0001
        10   0.0129   0.0013   0.0433   0.0045   0.0028   0.0003
        11   0.0155   0.0023   0.0498   0.0073   0.0033   0.0005
        12   0.0184   0.0039   0.0633   0.0135   0.0039   0.0008
        13   0.0232   0.0073   0.0618   0.0196   0.0047   0.0015
        14   0.0080   0.0040   0.0335   0.0167   0.0020   0.0010
