  ***** Calculate block averages ************
   number of averages            3
 block data     1  -4.813565  -0.115979   0.741124
 block data     2  -4.713119  -0.166108   0.710828
 block data     3  -4.840486  -0.087672   0.739844
 block data     4  -4.736427  -0.167310   0.709352
 block data     5  -4.699740  -0.157367   0.708552
 block data     6  -4.698748  -0.168443   0.710992
 block data     7  -4.687938  -0.218120   0.698480
 block data     8  -4.761766  -0.210179   0.727908
 block data     9  -4.545909  -0.249500   0.680064
 block data    10  -4.672908  -0.217724   0.700840
 block data    11  -4.889620  -0.056341   0.748164
 block data    12  -4.798479  -0.098516   0.736540
 block data    13  -4.624323  -0.239854   0.688304
 block data    14  -4.807994  -0.135843   0.734676
 block data    15  -4.789891  -0.070275   0.734532
 block data    16  -4.929627   0.012676   0.760748
 block data    17  -4.788070  -0.134005   0.728500
 block data    18  -4.654532  -0.187277   0.699648
 block data    19  -4.557607  -0.270476   0.677116
 block data    20  -4.627175  -0.181891   0.693560
 ###### energy       -4.73189628         0.06340278
 ###### press        -0.15601018         0.09668096
 ###### dens          0.71648860         0.01403922
   number of blocks        50000
         0   0.0013   0.0000   0.0019   0.0000   0.0003   0.0000
         1   0.0018   0.0000   0.0025   0.0000   0.0004   0.0000
         2   0.0025   0.0000   0.0032   0.0000   0.0006   0.0000
         3   0.0035   0.0000   0.0041   0.0000   0.0008   0.0000
         4   0.0049   0.0001   0.0052   0.0001   0.0011   0.0000
         5   0.0068   0.0001   0.0064   0.0001   0.0015   0.0000
         6   0.0094   0.0002   0.0078   0.0002   0.0021   0.0001
         7   0.0128   0.0005   0.0094   0.0003   0.0029   0.0001
         8   0.0168   0.0009   0.0115   0.0006   0.0038   0.0002
         9   0.0206   0.0015   0.0137   0.0010   0.0047   0.0003
        10   0.0228   0.0024   0.0159   0.0016   0.0052   0.0005
        11   0.0274   0.0040   0.0192   0.0028   0.0063   0.0009
        12   0.0296   0.0063   0.0216   0.0046   0.0065   0.0014
        13   0.0313   0.0099   0.0235   0.0074   0.0072   0.0023
        14   0.0111   0.0056   0.0137   0.0069   0.0022   0.0011
