           2  -5.31634092      0.125755161      0.864000022    
           4  -5.19589710      0.606760323      0.864000022    
           6  -5.01033306       1.26301754      0.864000022    
           8  -5.05433273       1.07778394      0.864000022    
          10  -5.11799622      0.816282868      0.864000022    
          12  -5.20471907      0.109833136      0.864000022    
          14  -5.14925146      0.466904938      0.864000022    
          16  -5.08830023      0.679018676      0.864000022    
          18  -5.05012321      0.769953787      0.864000022    
          20  -5.08426237      0.881803393      0.864000022    
          22  -5.03753328       1.05242872      0.864000022    
          24  -5.09246159      0.793416739      0.864000022    
          26  -5.00880241       1.03266776      0.864000022    
          28  -5.10918093      0.299824685      0.864000022    
          30  -5.09031773      0.619603634      0.864000022    
          32  -5.34502745     -0.253093690      0.864000022    
          34  -5.32926512       1.16432051E-03  0.864000022    
          36  -5.23866510      0.382485539      0.864000022    
          38  -5.19854307      0.433405250      0.864000022    
          40  -5.13894176      0.676290810      0.864000022    
          42  -5.12006855      0.767277777      0.864000022    
          44  -5.15504026      0.701653898      0.864000022    
          46  -5.10997486      0.690944552      0.864000022    
          48  -5.02420092       1.35583317      0.864000022    
          50  -5.12121105      0.540471435      0.864000022    
          52  -5.14937210      0.476567149      0.864000022    
          54  -5.00527239      0.811568379      0.864000022    
          56  -5.00437117       1.20252037      0.875999987    
          58  -4.91821241       1.48500788      0.875999987    
          60  -4.98440742       1.53866923      0.875999987    
          62  -5.08579826      0.729037166      0.864000022    
          64  -5.10149670      0.598853946      0.864000022    
          66  -5.20027399      0.133739337      0.864000022    
          68  -5.17884922       6.88415617E-02  0.864000022    
          70  -5.26237679     -0.354916066      0.864000022    
          72  -5.23534060     -0.215945020      0.864000022    
          74  -5.18912506      0.309158474      0.864000022    
          76  -5.19771290       1.19549800E-02  0.864000022    
          78  -5.15472555      0.256035566      0.864000022    
          80  -5.10006523      0.476037294      0.864000022    
          82  -5.17766762      0.441326469      0.864000022    
          84  -5.15081930      0.415079951      0.864000022    
          86  -5.25210476       6.36041611E-02  0.864000022    
          88  -5.16645098      0.747893274      0.864000022    
          90  -5.27252626       7.19577149E-02  0.864000022    
          92  -5.33187819     -0.365747809      0.864000022    
          94  -5.33629942     -0.464873582      0.864000022    
          96  -5.26454496     -0.134004340      0.864000022    
          98  -5.15002203      0.527197957      0.864000022    
         100  -5.27567673     -0.194702968      0.864000022    
         102  -5.20738459      0.399041563      0.864000022    
         104  -5.15553570      0.325956821      0.864000022    
         106  -5.16930056      0.439995497      0.864000022    
         108  -5.20145607      0.285183489      0.864000022    
         110  -5.18390799      0.375081927      0.864000022    
         112  -5.18380499      0.408192962      0.864000022    
         114  -5.06999636      0.979826212      0.864000022    
         116  -5.07967901       1.05071735      0.864000022    
         118  -5.28790903      0.274242133      0.864000022    
         120  -5.21441603      0.453725845      0.864000022    
         122  -5.26112747      0.127045408      0.864000022    
         124  -5.22093868      0.275003821      0.864000022    
         126  -5.16056108      0.602598250      0.864000022    
         128  -5.21546936      0.459748447      0.864000022    
         130  -5.26226711      0.233630776      0.864000022    
         132  -5.48155022     -0.631723225      0.864000022    
         134  -5.37657642     -0.364661038      0.864000022    
         136  -5.40226364     -0.380265176      0.864000022    
         138  -5.35229683     -0.176248580      0.864000022    
         140  -5.37437057       6.45063296E-02  0.864000022    
         142  -5.35649204      0.480887532      0.864000022    
         144  -5.35259438      0.251107961      0.864000022    
         146  -5.36725903      0.324346721      0.864000022    
         148  -5.34975815      0.347506016      0.864000022    
         150  -5.24846268      0.874116540      0.864000022    
         152  -5.24990892      0.374542207      0.864000022    
         154  -5.27971315      0.422924817      0.864000022    
         156  -5.18366337       1.04053247      0.864000022    
         158  -5.30967999      0.497712195      0.864000022    
         160  -5.32574940      0.449465901      0.864000022    
         162  -5.22246885      0.928375423      0.864000022    
         164  -5.36607313      0.301398784      0.864000022    
         166  -5.28674126      0.758361697      0.864000022    
         168  -5.41250944      0.508006752      0.864000022    
         170  -5.32869577      0.619785547      0.864000022    
         172  -5.30277729      0.527954340      0.864000022    
         174  -5.31819677      0.664040267      0.864000022    
         176  -5.28733397      0.624149978      0.864000022    
         178  -5.21674681      0.816889524      0.864000022    
         180  -5.29782772      0.635595679      0.864000022    
         182  -5.26453876      0.642338932      0.864000022    
         184  -5.29453659      0.554439902      0.864000022    
         186  -5.30402136      0.453876048      0.864000022    
         188  -5.21993208      0.991224408      0.864000022    
         190  -5.32536030      0.443846673      0.864000022    
         192  -5.28043699      0.876438260      0.864000022    
         194  -5.30726051      0.474676222      0.864000022    
         196  -5.33148289      0.821678817      0.875999987    
         198  -5.25318670       1.07614434      0.875999987    
         200  -5.16215086       1.50871491      0.875999987    
         202  -5.20896912       1.55252874      0.875999987    
         204  -5.27584362       1.58252454      0.875999987    
         206  -5.34660625       1.07767606      0.875999987    
         208  -5.29494810       1.54875135      0.875999987    
         210  -5.25865698       1.59076250      0.875999987    
         212  -5.37291098      0.968904436      0.875999987    
         214  -5.46153021       9.48246270E-02  0.875999987    
         216  -5.33978748      0.763802290      0.875999987    
         218  -5.35131454       1.00844884      0.875999987    
         220  -5.29949284       1.29840970      0.875999987    
         222  -5.41830301      0.498158485      0.875999987    
         224  -5.40393019      0.690292001      0.875999987    
         226  -5.33883667       1.18845665      0.875999987    
         228  -5.33302212      0.769999802      0.875999987    
         230  -5.33974028      0.490752548      0.875999987    
         232  -5.42487383      0.175966918      0.875999987    
         234  -5.32693243      0.655756593      0.875999987    
         236  -5.34828711      0.504168093      0.875999987    
         238  -5.32886362      0.391171962      0.875999987    
         240  -5.30153275      0.450515926      0.875999987    
         242  -5.39757538       5.14667816E-02  0.875999987    
         244  -5.25128508      0.781219184      0.875999987    
         246  -5.25512266      0.906750500      0.875999987    
         248  -5.19846535      0.872825027      0.875999987    
         250  -5.16069126       1.07894111      0.875999987    
         252  -5.41131592     -0.218167856      0.875999987    
         254  -5.35508537      0.175367415      0.875999987    
         256  -5.30068302      0.607242465      0.875999987    
         258  -5.32413197      0.460472226      0.875999987    
         260  -5.28250504      0.698995948      0.875999987    
         262  -5.27368307      0.582341194      0.875999987    
         264  -5.14146805       1.09585524      0.875999987    
         266  -5.27250910      0.265967548      0.875999987    
         268  -5.33407593       3.93578000E-02  0.875999987    
         270  -5.21700478      0.998509645      0.875999987    
         272  -5.29774952      0.719999433      0.875999987    
         274  -5.25055313      0.806662321      0.875999987    
         276  -5.23182297       1.07741368      0.875999987    
         278  -5.22742987       1.19805646      0.875999987    
         280  -5.26633883       1.12270081      0.875999987    
         282  -5.41816282      0.539074600      0.875999987    
         284  -5.30758333       1.01406717      0.875999987    
         286  -5.39742136      0.565853417      0.875999987    
         288  -5.30270576      0.797197342      0.875999987    
         290  -5.27026606       1.12690127      0.875999987    
         292  -5.34626436      0.808250785      0.875999987    
         294  -5.29763031      0.890122116      0.875999987    
         296  -5.39279079      0.289244294      0.875999987    
         298  -5.29978657       1.08185124      0.875999987    
         300  -5.21332264      0.959373772      0.875999987    
         302  -5.33780050      0.434982389      0.875999987    
         304  -5.32069063      0.440981597      0.875999987    
         306  -5.22742939      0.652981341      0.875999987    
         308  -5.15162420      0.774112940      0.875999987    
         310  -5.15270376      0.707639217      0.875999987    
         312  -5.16840315      0.993332624      0.875999987    
         314  -5.06263161       1.60465515      0.875999987    
         316  -5.16663027       1.19003379      0.875999987    
         318  -5.16724300       1.13051617      0.875999987    
         320  -5.20927191       1.18303442      0.875999987    
         322  -5.20615816       1.10300255      0.875999987    
         324  -5.09332085       1.64460468      0.875999987    
         326  -5.13918781       1.41362309      0.875999987    
         328  -5.18061972       1.06189179      0.875999987    
         330  -5.10964108       1.49815559      0.875999987    
         332  -5.13682604       1.31885445      0.875999987    
         334  -5.20386696       1.00210810      0.875999987    
         336  -5.28038788      0.629743874      0.875999987    
         338  -5.41737556     -0.188247889      0.875999987    
         340  -5.48328876     -0.131157100      0.875999987    
         342  -5.43624783     -0.164593682      0.875999987    
         344  -5.45819521      -7.37001151E-02  0.875999987    
         346  -5.34117270      0.611054182      0.875999987    
         348  -5.18008947       1.36999643      0.875999987    
         350  -5.12283564       2.00037432      0.875999987    
         352  -5.23585224       1.52513433      0.875999987    
         354  -5.34284639      0.759295464      0.875999987    
         356  -5.28178358      0.916469097      0.875999987    
         358  -5.33302641      0.828662634      0.875999987    
         360  -5.21552277       1.48157299      0.875999987    
         362  -5.27818823       1.22493577      0.875999987    
         364  -5.20462179       1.45955539      0.875999987    
         366  -5.07178068       1.92469096      0.875999987    
         368  -5.25108194       1.36629975      0.875999987    
         370  -5.19867468       1.88772905      0.875999987    
         372  -5.31793213       1.76431179      0.888000011    
         374  -5.36109781       1.25038671      0.888000011    
         376  -5.32948065       1.03110862      0.888000011    
         378  -5.18045855       1.60293198      0.888000011    
         380  -5.36170816      0.711745381      0.888000011    
         382  -5.41052294      0.520545721      0.888000011    
         384  -5.30791235       1.11952293      0.888000011    
         386  -5.27289581       1.31761336      0.888000011    
         388  -5.37066698      0.888947964      0.888000011    
         390  -5.36508465      0.885707557      0.888000011    
         392  -5.37800837       1.11091542      0.899999976    
         394  -5.43503809       1.03311336      0.899999976    
         396  -5.49201393      0.630304813      0.899999976    
         398  -5.55913591      0.276297212      0.899999976    
         400  -5.45916414      0.759674132      0.899999976    
         402  -5.37039566       1.20186543      0.899999976    
         404  -5.39381599       1.09475839      0.899999976    
         406  -5.47795868      0.718639910      0.899999976    
         408  -5.43101788       1.01492000      0.899999976    
         410  -5.51309681      0.966393948      0.899999976    
         412  -5.39464617       1.32793248      0.899999976    
         414  -5.57580376      0.254789114      0.899999976    
         416  -5.54482698      0.456622422      0.899999976    
         418  -5.49462128      0.841571510      0.899999976    
         420  -5.50663137       1.02900279      0.899999976    
         422  -5.50864601      0.579108298      0.899999976    
         424  -5.53646326      0.606667578      0.899999976    
         426  -5.48355818      0.895621121      0.899999976    
         428  -5.52710915      0.563432097      0.899999976    
         430  -5.44616556      0.981757522      0.899999976    
         432  -5.58847237      0.335268468      0.899999976    
         434  -5.59955549      0.579399467      0.899999976    
         436  -5.64621925      0.407902390      0.899999976    
         438  -5.44635105       1.50470197      0.899999976    
         440  -5.39643574       1.74369264      0.899999976    
         442  -5.62159872      0.543973088      0.899999976    
         444  -5.68067980      0.414419264      0.899999976    
         446  -5.42988873       1.68583989      0.899999976    
         448  -5.51782656       1.20732284      0.899999976    
         450  -5.45134449       1.38609385      0.899999976    
         452  -5.53839159      0.983361721      0.899999976    
         454  -5.41704798       1.40151179      0.899999976    
         456  -5.34993935       1.85607600      0.899999976    
         458  -5.41224527       1.66938531      0.899999976    
         460  -5.43517971       1.51101947      0.899999976    
         462  -5.62117958      0.487470627      0.899999976    
         464  -5.52430964       1.03285480      0.899999976    
         466  -5.41146469       1.81428111      0.899999976    
         468  -5.43605852       1.87449419      0.899999976    
         470  -5.48107338       1.58975697      0.899999976    
         472  -5.61238623      0.976031899      0.899999976    
         474  -5.61866808      0.764874518      0.899999976    
         476  -5.48771667       1.24050987      0.899999976    
         478  -5.43805981       1.28473234      0.899999976    
         480  -5.51484871      0.927887619      0.899999976    
         482  -5.48425293       1.23687434      0.899999976    
         484  -5.38942242       1.69591188      0.899999976    
         486  -5.26164198       2.34420586      0.899999976    
         488  -5.37049198       1.67545497      0.899999976    
         490  -5.38007593       1.60235286      0.899999976    
         492  -5.34322357       1.73796129      0.899999976    
         494  -5.42384768       1.37552249      0.899999976    
         496  -5.41870785       1.49724841      0.899999976    
         498  -5.47218895       1.25676501      0.899999976    
         500  -5.34212494       1.86083913      0.899999976    
         502  -5.43784523       1.08236182      0.899999976    
         504  -5.38554859       1.10392404      0.899999976    
         506  -5.26303339       1.44268072      0.899999976    
         508  -5.30920076       1.14723611      0.899999976    
         510  -5.28179216       1.11009705      0.899999976    
         512  -5.37778521      0.459752947      0.899999976    
         514  -5.38068914      0.569375217      0.899999976    
         516  -5.31433678       1.05306029      0.899999976    
         518  -5.31071758       1.08457661      0.899999976    
         520  -5.34020376      0.765512705      0.899999976    
         522  -5.37565327      0.392878085      0.899999976    
         524  -5.48407698      -8.53905901E-02  0.899999976    
         526  -5.38680172      0.705518186      0.899999976    
         528  -5.45423985      0.782097995      0.899999976    
         530  -5.36924076       1.11229765      0.899999976    
         532  -5.48742390      0.685274482      0.899999976    
         534  -5.52305603      0.278335422      0.899999976    
         536  -5.59191561      -6.15405403E-02  0.899999976    
         538  -5.44840384      0.532458365      0.899999976    
         540  -5.54856730      0.143796757      0.899999976    
         542  -5.50364351      0.413645983      0.899999976    
         544  -5.48110580      0.230734095      0.899999976    
         546  -5.48829699       2.72037871E-02  0.899999976    
         548  -5.47243500      0.138885319      0.899999976    
         550  -5.33466339      0.751167476      0.899999976    
         552  -5.29732752      0.780490816      0.899999976    
         554  -5.31043863       1.05104947      0.899999976    
         556  -5.40673399      0.642782688      0.899999976    
         558  -5.44592571      0.445898950      0.899999976    
         560  -5.42092991      0.514938235      0.899999976    
         562  -5.35001278      0.810776830      0.899999976    
         564  -5.32912636       1.04184580      0.899999976    
         566  -5.42252636      0.514520824      0.899999976    
         568  -5.43155050      0.591277063      0.899999976    
         570  -5.33828831       1.66293287      0.899999976    
         572  -5.32793236       1.55601132      0.899999976    
         574  -5.36468744       1.43109584      0.899999976    
         576  -5.41368103       1.12127006      0.899999976    
         578  -5.42835903      0.768802106      0.899999976    
         580  -5.33815241       1.32770169      0.899999976    
         582  -5.47983837      0.207671598      0.899999976    
         584  -5.48937702      0.161545098      0.899999976    
         586  -5.42030525      0.655972123      0.899999976    
         588  -5.41030931      0.708937824      0.899999976    
         590  -5.52069569       6.69835806E-02  0.899999976    
         592  -5.46733189      0.482256770      0.899999976    
         594  -5.45155954      0.272568345      0.899999976    
         596  -5.37575388      0.576837003      0.899999976    
         598  -5.51404190      0.339006901      0.912000000    
         600  -5.64486265     -0.128366217      0.912000000    
         602  -5.60420370       2.00054664E-02  0.912000000    
         604  -5.59910154      0.394837201      0.912000000    
         606  -5.64883661     -0.106877759      0.912000000    
         608  -5.61135197       3.48557197E-02  0.912000000    
         610  -5.60741091      0.241927370      0.912000000    
         612  -5.60497236      0.468137980      0.912000000    
         614  -5.61091375      0.324319720      0.912000000    
         616  -5.58032703      0.313552737      0.912000000    
         618  -5.50395966      0.841071129      0.912000000    
         620  -5.73917866      -9.73546430E-02  0.912000000    
         622  -5.73362207      0.491476506      0.912000000    
         624  -5.63096571      0.956484795      0.912000000    
         626  -5.63675547      0.890428007      0.912000000    
         628  -5.54812670       1.46890330      0.912000000    
         630  -5.64196396      0.833754838      0.912000000    
         632  -5.67325974      0.449117810      0.912000000    
         634  -5.43745947       1.55054104      0.912000000    
         636  -5.43069553       1.50182164      0.912000000    
         638  -5.46365213       1.22368848      0.912000000    
         640  -5.55095387      0.719032407      0.912000000    
         642  -5.64691067      -7.11816624E-02  0.912000000    
         644  -5.58843231      0.218994707      0.912000000    
         646  -5.55706501      0.556392550      0.912000000    
         648  -5.49769068      0.974671304      0.912000000    
         650  -5.44142246       1.23169780      0.912000000    
         652  -5.49392366      0.856241941      0.912000000    
         654  -5.47657108       1.70917976      0.924000025    
         656  -5.54475307       1.51253092      0.924000025    
         658  -5.51374531       1.50086248      0.924000025    
         660  -5.50426197       1.56149006      0.924000025    
         662  -5.53989983       1.10558474      0.924000025    
         664  -5.60183764      0.857342124      0.924000025    
         666  -5.50257111       1.25612485      0.924000025    
         668  -5.57018328      0.961503088      0.924000025    
         670  -5.65847826      0.419620574      0.924000025    
         672  -5.61136675      0.625575662      0.924000025    
         674  -5.61664438      0.342322975      0.924000025    
         676  -5.49755526       1.27589715      0.924000025    
         678  -5.56286097       1.20304430      0.935999990    
         680  -5.46852684       1.73326957      0.935999990    
         682  -5.39587784       2.19610929      0.935999990    
         684  -5.27099180       2.47284651      0.935999990    
         686  -5.39265919       1.71654284      0.935999990    
         688  -5.26380014       2.67226195      0.935999990    
         690  -5.22098780       3.13903594      0.935999990    
         692  -5.32108402       2.84989119      0.935999990    
         694  -5.29405546       2.79996109      0.935999990    
         696  -5.26411963       3.24709034      0.935999990    
         698  -5.42414474       2.86217499      0.935999990    
         700  -5.48420429       2.30706620      0.935999990    
         702  -5.48136234       2.36858535      0.935999990    
         704  -5.57232761       1.98844802      0.935999990    
         706  -5.60865259       1.71168482      0.935999990    
         708  -5.55925894       2.07111096      0.935999990    
         710  -5.53955603       2.05790257      0.935999990    
         712  -5.48450708       2.44245362      0.935999990    
         714  -5.52519894       2.40581536      0.935999990    
         716  -5.57089043       2.17378449      0.935999990    
         718  -5.47129965       2.43241334      0.935999990    
         720  -5.58237553       1.75966322      0.935999990    
         722  -5.59476566       1.46668541      0.935999990    
         724  -5.52829742       1.90578079      0.935999990    
         726  -5.67710781       1.10199356      0.935999990    
         728  -5.56125116       1.74838865      0.935999990    
         730  -5.47553730       1.93212664      0.935999990    
         732  -5.42828703       2.15559173      0.935999990    
         734  -5.57805204       1.42198575      0.935999990    
         736  -5.61790848       1.13446283      0.935999990    
         738  -5.46422529       1.95332372      0.935999990    
         740  -5.50345612       1.85813236      0.935999990    
         742  -5.50949383       1.93169534      0.935999990    
         744  -5.44729042       2.25917959      0.935999990    
         746  -5.48225117       1.95982409      0.935999990    
         748  -5.61607742       1.68572235      0.935999990    
         750  -5.50855446       1.89181077      0.935999990    
         752  -5.47827291       1.83660090      0.935999990    
         754  -5.44333553       2.03599453      0.935999990    
         756  -5.48619795       1.98676431      0.935999990    
         758  -5.43782759       2.12869287      0.935999990    
         760  -5.45523739       1.99344254      0.935999990    
         762  -5.59786797       1.11466169      0.935999990    
         764  -5.46682978       1.98304927      0.935999990    
         766  -5.47711086       2.02088833      0.935999990    
         768  -5.48923779       1.94580686      0.935999990    
         770  -5.42778444       2.40663838      0.935999990    
         772  -5.34052849       2.77992249      0.935999990    
         774  -5.33211565       2.62794089      0.935999990    
         776  -5.36512899       2.73522019      0.935999990    
         778  -5.47516155       1.97904754      0.935999990    
         780  -5.51193333       1.83194804      0.935999990    
         782  -5.36439133       2.30759740      0.935999990    
         784  -5.44543028       1.98878741      0.935999990    
         786  -5.46259212       1.77510619      0.935999990    
         788  -5.58226824       1.02634084      0.935999990    
         790  -5.51841259       1.58318079      0.935999990    
         792  -5.61150312       1.21384621      0.935999990    
         794  -5.64276314      0.963482022      0.935999990    
         796  -5.63672781      0.987036884      0.935999990    
         798  -5.52900124       1.50699306      0.935999990    
         800  -5.57077503       1.20415592      0.935999990    
         802  -5.67311192      0.683468461      0.935999990    
         804  -5.58251619       1.20408559      0.935999990    
         806  -5.61325788       1.24523330      0.935999990    
         808  -5.60349512       1.26455796      0.935999990    
         810  -5.54669285       1.29153895      0.935999990    
         812  -5.68949938      0.598013997      0.935999990    
         814  -5.64075470      0.954957843      0.935999990    
         816  -5.50078583       1.26736963      0.935999990    
         818  -5.51560163       1.13573503      0.935999990    
         820  -5.64341640      0.633268178      0.935999990    
         822  -5.46701956       1.58383405      0.935999990    
         824  -5.47651958       1.39505661      0.935999990    
         826  -5.66070509      0.396975905      0.935999990    
         828  -5.71454573      0.323261172      0.935999990    
         830  -5.69341469      0.391239196      0.935999990    
         832  -5.65266037      0.401465327      0.935999990    
         834  -5.54179764       1.19522858      0.935999990    
         836  -5.65211201      0.460558504      0.935999990    
         838  -5.68879032      0.302710354      0.935999990    
         840  -5.61462069      0.582622170      0.935999990    
         842  -5.65896559      0.494354606      0.935999990    
         844  -5.57578373      0.779875219      0.935999990    
         846  -5.41286182       1.89969587      0.935999990    
         848  -5.55420876       1.20770633      0.935999990    
         850  -5.56145000       1.16869819      0.935999990    
         852  -5.56634998      0.951249778      0.935999990    
         854  -5.63537884      0.266394764      0.935999990    
         856  -5.60659599      0.704201639      0.935999990    
         858  -5.59257269      0.742154777      0.935999990    
         860  -5.63283396      0.687975407      0.935999990    
         862  -5.62655783      0.902852535      0.935999990    
         864  -5.45189810       1.66984844      0.935999990    
         866  -5.48377037       1.82003343      0.935999990    
         868  -5.49740982       1.61366475      0.935999990    
         870  -5.53110886      0.967107534      0.935999990    
         872  -5.57842255      0.934619904      0.935999990    
         874  -5.65116119      0.442928910      0.935999990    
         876  -5.46224022       1.36240602      0.935999990    
         878  -5.62546635      0.507572114      0.935999990    
         880  -5.56809902       1.00977540      0.935999990    
         882  -5.55039930       1.27767122      0.935999990    
         884  -5.47530508       1.72503936      0.935999990    
         886  -5.49943686       1.49722362      0.935999990    
         888  -5.46566963       1.92225504      0.935999990    
         890  -5.53936958       1.50325060      0.935999990    
         892  -5.47683668       2.09587789      0.935999990    
         894  -5.53279829       1.96175873      0.935999990    
         896  -5.62371302       1.09870386      0.935999990    
         898  -5.64001894      0.928293347      0.935999990    
         900  -5.69715071      0.627627730      0.935999990    
         902  -5.70843172      0.564409435      0.935999990    
         904  -5.52259064       1.56862831      0.935999990    
         906  -5.55119085       1.25128186      0.935999990    
         908  -5.65026999      0.702312589      0.935999990    
         910  -5.61690950       1.05467045      0.935999990    
         912  -5.71363020      0.761488914      0.935999990    
         914  -5.71200228      0.725607872      0.935999990    
         916  -5.65692043       1.12811875      0.935999990    
         918  -5.65594387       1.09377575      0.935999990    
         920  -5.68806887      0.966331542      0.935999990    
         922  -5.66422367       1.09134734      0.935999990    
         924  -5.63169336       1.24973881      0.935999990    
         926  -5.70326996      0.993330181      0.935999990    
         928  -5.64052820       1.06767762      0.935999990    
         930  -5.56681824       1.70185411      0.935999990    
         932  -5.69464922       1.00670195      0.935999990    
         934  -5.63534307       1.51119089      0.935999990    
         936  -5.71202469      0.913594484      0.935999990    
         938  -5.61568546       1.45667517      0.935999990    
         940  -5.58012724       1.58418560      0.935999990    
         942  -5.58202887       1.41520500      0.935999990    
         944  -5.58656836       1.34861994      0.935999990    
         946  -5.43287659       2.20082092      0.935999990    
         948  -5.53962994       1.55145562      0.935999990    
         950  -5.48127699       2.05726624      0.935999990    
         952  -5.38781691       2.75215554      0.935999990    
         954  -5.42929792       2.06950355      0.935999990    
         956  -5.42339993       1.90298569      0.935999990    
         958  -5.34438658       2.20016670      0.935999990    
         960  -5.34185219       2.58873653      0.935999990    
         962  -5.45940781       2.02915835      0.935999990    
         964  -5.44044161       1.92215610      0.935999990    
         966  -5.52400351       1.70073307      0.935999990    
         968  -5.43308544       1.81955922      0.935999990    
         970  -5.55675364       1.31756520      0.935999990    
         972  -5.55121756       1.18951488      0.935999990    
         974  -5.56141615       1.23167360      0.935999990    
         976  -5.54675293       1.20268881      0.935999990    
         978  -5.63449383      0.825095057      0.935999990    
         980  -5.64674664      0.661545992      0.935999990    
         982  -5.56537533       1.01964939      0.935999990    
         984  -5.46697474       1.57709575      0.935999990    
         986  -5.48016834       1.42766070      0.935999990    
         988  -5.49029064       1.46455050      0.935999990    
         990  -5.36150837       1.94579768      0.935999990    
         992  -5.39391756       1.69310629      0.935999990    
         994  -5.37246227       1.81459844      0.935999990    
         996  -5.46025324       1.57232642      0.935999990    
         998  -5.42262840       2.17938828      0.935999990    
        1000  -5.39429951       2.12939167      0.935999990    
        1002  -5.39363146       1.89805961      0.935999990    
        1004  -5.31716871       2.02364993      0.935999990    
        1006  -5.42145967       1.79840755      0.935999990    
        1008  -5.54346323       1.27225149      0.935999990    
        1010  -5.60333729       1.09156442      0.935999990    
        1012  -5.63531446      0.932812095      0.935999990    
        1014  -5.52914667       1.33955002      0.935999990    
        1016  -5.59009695       1.02034187      0.935999990    
        1018  -5.61236286       1.07319701      0.935999990    
        1020  -5.65670109      0.601087689      0.935999990    
        1022  -5.57456207       1.11471593      0.935999990    
        1024  -5.69432831      0.657808065      0.935999990    
        1026  -5.67592239      0.774238944      0.935999990    
        1028  -5.65121078      0.973504901      0.935999990    
        1030  -5.66398096      0.953735769      0.935999990    
        1032  -5.69912767      0.698463976      0.935999990    
        1034  -5.51812696       1.68588269      0.935999990    
        1036  -5.47188950       1.69904733      0.935999990    
        1038  -5.43437481       2.01657319      0.935999990    
        1040  -5.46846390       1.86020136      0.935999990    
        1042  -5.62259579       1.26774681      0.935999990    
        1044  -5.66031170       1.17032397      0.935999990    
        1046  -5.60613585       1.31878531      0.935999990    
        1048  -5.69296503       1.14024055      0.935999990    
        1050  -5.76023531      0.531374633      0.935999990    
        1052  -5.71697855      0.726255000      0.935999990    
        1054  -5.58576775       1.43727720      0.935999990    
        1056  -5.40388012       2.17209458      0.935999990    
        1058  -5.39460468       2.23996258      0.935999990    
        1060  -5.56199741       1.38412321      0.935999990    
        1062  -5.53996706       1.67085898      0.935999990    
        1064  -5.49742508       1.67571652      0.935999990    
        1066  -5.51120377       1.74352098      0.935999990    
        1068  -5.68482876      0.836027324      0.935999990    
        1070  -5.65293646       1.16526091      0.935999990    
        1072  -5.62626219       1.39547753      0.935999990    
        1074  -5.35930920       2.73936892      0.935999990    
        1076  -5.53409815       1.55575490      0.935999990    
        1078  -5.48702145       1.95754373      0.935999990    
        1080  -5.59817028       1.45867360      0.935999990    
        1082  -5.73109007      0.734219730      0.935999990    
        1084  -5.75983429      0.957528770      0.935999990    
        1086  -5.79277754      0.552114367      0.935999990    
        1088  -5.85384130      0.328470409      0.935999990    
        1090  -5.72378874      0.968904257      0.935999990    
        1092  -5.74996805      0.544528663      0.935999990    
        1094  -5.75568533      0.789988399      0.935999990    
        1096  -5.62094831       1.55344248      0.935999990    
        1098  -5.61641550       1.58847427      0.935999990    
        1100  -5.60897779       1.65437126      0.935999990    
        1102  -5.54884958       1.67538226      0.935999990    
        1104  -5.52304792       1.78290367      0.935999990    
        1106  -5.58857679       1.50371814      0.935999990    
        1108  -5.59775734       1.55138814      0.935999990    
        1110  -5.62812376       1.34926724      0.935999990    
        1112  -5.62568426       1.25714874      0.935999990    
        1114  -5.59039640       1.43561614      0.935999990    
        1116  -5.69316483      0.734960437      0.935999990    
        1118  -5.80600071       3.04311756E-02  0.935999990    
        1120  -5.69442272      0.501299083      0.935999990    
        1122  -5.69388103      0.584824204      0.935999990    
        1124  -5.64877796      0.564349115      0.935999990    
        1126  -5.70443773      0.363172621      0.935999990    
        1128  -5.51767683       1.34178066      0.935999990    
        1130  -5.58017635      0.935458601      0.935999990    
        1132  -5.47965717       1.25465584      0.935999990    
        1134  -5.52573967      0.993449330      0.935999990    
        1136  -5.65752172      -8.77001733E-02  0.935999990    
        1138  -5.54297924      0.887941182      0.935999990    
        1140  -5.55990601      0.793325543      0.935999990    
        1142  -5.67305660      0.532445371      0.935999990    
        1144  -5.67898750      0.991514742      0.935999990    
        1146  -5.50242710       1.77310157      0.935999990    
        1148  -5.47973728       1.97173953      0.935999990    
        1150  -5.48038483       1.94335437      0.935999990    
        1152  -5.67821121      0.790022850      0.935999990    
        1154  -5.72405386      0.607077658      0.935999990    
        1156  -5.62321949       1.32154560      0.935999990    
        1158  -5.66583729       1.19996297      0.935999990    
        1160  -5.70392227      0.550648034      0.935999990    
        1162  -5.66912794      0.729513228      0.935999990    
        1164  -5.53483152       1.19230533      0.935999990    
        1166  -5.61112118      0.961628258      0.935999990    
        1168  -5.47937393       1.56017578      0.935999990    
        1170  -5.49985361       1.74782717      0.935999990    
        1172  -5.67326260      0.572011352      0.935999990    
        1174  -5.57768106      0.887625337      0.935999990    
        1176  -5.60279322      0.720098972      0.935999990    
        1178  -5.61327219      0.677116573      0.935999990    
        1180  -5.67821407      0.290330589      0.935999990    
        1182  -5.65415573      0.826675653      0.935999990    
        1184  -5.72340107      0.314821661      0.935999990    
        1186  -5.53184700       1.01530802      0.935999990    
        1188  -5.55038023      0.995889127      0.935999990    
        1190  -5.50194645       1.37590623      0.935999990    
        1192  -5.45581341       1.70680642      0.935999990    
        1194  -5.47272205       1.37914574      0.935999990    
        1196  -5.51154375       1.03275239      0.935999990    
        1198  -5.53925991      0.884975851      0.935999990    
        1200  -5.56047010      0.876643836      0.935999990    
        1202  -5.52452421       1.09412479      0.935999990    
        1204  -5.51149654       1.06923234      0.935999990    
        1206  -5.45935822       1.23888528      0.935999990    
        1208  -5.58988333      0.772675097      0.935999990    
        1210  -5.65799570      0.490926653      0.935999990    
        1212  -5.64364958      0.595151246      0.935999990    
        1214  -5.56899309       1.29308033      0.935999990    
        1216  -5.65267420      0.946175694      0.935999990    
        1218  -5.63617611      0.825138330      0.935999990    
        1220  -5.75870609      -3.56539316E-03  0.935999990    
        1222  -5.80572891     -0.128019497      0.935999990    
        1224  -5.75269604      0.396350652      0.948000014    
        1226  -5.67833185      0.905323207      0.948000014    
        1228  -5.58560991       1.31669450      0.948000014    
        1230  -5.59603786       1.46144509      0.948000014    
        1232  -5.59421873       1.71142066      0.948000014    
        1234  -5.71836185       1.03075206      0.948000014    
        1236  -5.89478922       1.63021162E-02  0.948000014    
        1238  -5.84885311      0.376118988      0.948000014    
        1240  -5.74594736      0.931564510      0.948000014    
        1242  -5.63732862       1.44986963      0.948000014    
        1244  -5.55431843       2.21261787      0.948000014    
        1246  -5.60196543       2.28255987      0.948000014    
        1248  -5.56938457       2.15927315      0.948000014    
        1250  -5.61309052       1.57726812      0.948000014    
        1252  -5.51176643       2.10076022      0.948000014    
        1254  -5.47189045       2.34548354      0.948000014    
        1256  -5.51691532       1.98231328      0.948000014    
        1258  -5.62140656       1.19234717      0.948000014    
        1260  -5.66853237       1.04541433      0.948000014    
        1262  -5.53424168       1.71897507      0.948000014    
        1264  -5.53110218       1.69509566      0.948000014    
        1266  -5.48221207       2.41631198      0.948000014    
        1268  -5.45619583       2.45275593      0.948000014    
        1270  -5.55321932       1.94457567      0.948000014    
        1272  -5.44595098       2.85163379      0.948000014    
        1274  -5.60083485       1.80977094      0.948000014    
        1276  -5.60296297       1.85190201      0.948000014    
        1278  -5.55537510       1.98452294      0.948000014    
        1280  -5.63014793       1.36172485      0.948000014    
        1282  -5.52973890       2.13784266      0.948000014    
        1284  -5.55703592       1.99391651      0.948000014    
        1286  -5.54619217       2.31578779      0.948000014    
        1288  -5.71012640       1.49433601      0.948000014    
        1290  -5.56569672       2.33225322      0.948000014    
        1292  -5.46098995       2.76220107      0.948000014    
        1294  -5.43005466       2.76891041      0.948000014    
        1296  -5.34892845       3.29103494      0.948000014    
        1298  -5.34941101       3.28803349      0.948000014    
        1300  -5.42303371       2.76872706      0.948000014    
        1302  -5.38953924       2.85693336      0.948000014    
        1304  -5.46410608       2.65202236      0.948000014    
        1306  -5.53689575       2.38952160      0.948000014    
        1308  -5.55825281       2.32816720      0.948000014    
        1310  -5.49273968       2.66112494      0.948000014    
        1312  -5.55511284       2.20123434      0.948000014    
        1314  -5.49919605       2.47429132      0.948000014    
        1316  -5.62627697       1.89620650      0.948000014    
        1318  -5.56025314       2.17356110      0.948000014    
        1320  -5.45012045       2.64276576      0.948000014    
        1322  -5.50300360       2.59361744      0.948000014    
        1324  -5.48997879       2.75606179      0.948000014    
        1326  -5.47786903       2.88259077      0.948000014    
        1328  -5.53738022       2.52309084      0.948000014    
        1330  -5.54514980       2.58983922      0.948000014    
        1332  -5.55830860       2.39199257      0.948000014    
        1334  -5.59756088       2.13662410      0.948000014    
        1336  -5.63646603       1.95289457      0.948000014    
        1338  -5.64191532       1.92381954      0.948000014    
        1340  -5.68592119       1.61391222      0.948000014    
        1342  -5.54138041       2.22553825      0.948000014    
        1344  -5.58941078       2.05079007      0.948000014    
        1346  -5.55672693       2.40356874      0.948000014    
        1348  -5.61237955       2.18558311      0.948000014    
        1350  -5.63962078       1.76264322      0.948000014    
        1352  -5.66650391       1.82546437      0.948000014    
        1354  -5.72528028       1.22612882      0.948000014    
        1356  -5.62931490       1.75500536      0.948000014    
        1358  -5.51039791       2.16615629      0.948000014    
        1360  -5.64902782       1.61473083      0.948000014    
        1362  -5.64288092       1.80728006      0.948000014    
        1364  -5.66289139       1.74607718      0.948000014    
        1366  -5.46934795       2.49547553      0.948000014    
        1368  -5.47216749       2.76858878      0.948000014    
        1370  -5.54572868       2.64465761      0.948000014    
        1372  -5.59593439       2.65400791      0.948000014    
        1374  -5.61544275       2.46277976      0.948000014    
        1376  -5.70169973       1.90220642      0.948000014    
        1378  -5.70033455       1.72821808      0.948000014    
        1380  -5.55994511       2.34407616      0.948000014    
        1382  -5.42727375       2.92018294      0.948000014    
        1384  -5.52414656       2.46428108      0.948000014    
        1386  -5.49933958       2.39905286      0.948000014    
        1388  -5.50626278       2.44938660      0.948000014    
        1390  -5.61323214       1.89184356      0.948000014    
        1392  -5.50094843       2.31357694      0.948000014    
        1394  -5.66172552       1.52715230      0.948000014    
        1396  -5.55284452       1.85968590      0.948000014    
        1398  -5.40869570       2.93571687      0.948000014    
        1400  -5.64103842       1.88309705      0.948000014    
        1402  -5.55753803       2.28693271      0.948000014    
        1404  -5.53054523       2.04369473      0.948000014    
        1406  -5.56731987       1.92985415      0.948000014    
        1408  -5.51027822       2.26144838      0.948000014    
        1410  -5.44928646       2.57404232      0.948000014    
        1412  -5.38448524       2.96443772      0.948000014    
        1414  -5.37219810       2.92916656      0.948000014    
        1416  -5.36189413       3.19895196      0.948000014    
        1418  -5.30489445       3.22173452      0.948000014    
        1420  -5.28802681       3.11826682      0.948000014    
        1422  -5.22386456       3.77019477      0.948000014    
        1424  -5.26407146       3.50521588      0.948000014    
        1426  -5.28393078       3.27188897      0.948000014    
        1428  -5.36090040       2.92495894      0.948000014    
        1430  -5.47089624       2.20842862      0.948000014    
        1432  -5.58212709       1.40336072      0.948000014    
        1434  -5.55222845       1.64890957      0.948000014    
        1436  -5.45117569       2.21440244      0.948000014    
        1438  -5.47127104       2.06675625      0.948000014    
        1440  -5.38227129       2.49698949      0.948000014    
        1442  -5.54912996       1.60149944      0.948000014    
        1444  -5.53397036       1.70629466      0.948000014    
        1446  -5.53210783       2.09639406      0.948000014    
        1448  -5.52352428       2.13623238      0.948000014    
        1450  -5.53291368       2.29658079      0.948000014    
        1452  -5.46944237       2.42653584      0.948000014    
        1454  -5.57197428       1.88831592      0.948000014    
        1456  -5.50655317       2.24074745      0.948000014    
        1458  -5.34408617       3.04444242      0.948000014    
        1460  -5.55851507       1.85180616      0.948000014    
        1462  -5.51866436       2.33436680      0.948000014    
        1464  -5.49754763       2.16024423      0.948000014    
        1466  -5.54030418       1.69346559      0.948000014    
        1468  -5.54922152       1.83876097      0.948000014    
        1470  -5.63700533       1.49187839      0.948000014    
        1472  -5.67273045       1.17851138      0.948000014    
        1474  -5.49347830       1.86359215      0.948000014    
        1476  -5.52121353       1.68487072      0.948000014    
        1478  -5.49122047       1.94532454      0.948000014    
        1480  -5.56286240       1.89772987      0.948000014    
        1482  -5.61422539       1.76552498      0.948000014    
        1484  -5.63107395       1.58235228      0.948000014    
        1486  -5.68823195       1.13432074      0.948000014    
        1488  -5.60173416       1.43934417      0.948000014    
        1490  -5.52760220       1.77259362      0.948000014    
        1492  -5.53853035       1.85044861      0.948000014    
        1494  -5.68723965       1.21666157      0.948000014    
        1496  -5.68624258       1.37602937      0.948000014    
        1498  -5.56707859       2.18371844      0.948000014    
        1500  -5.30455208       3.31320071      0.948000014    
        1502  -5.22301579       3.41902971      0.948000014    
        1504  -5.51148033       1.77529359      0.948000014    
        1506  -5.43738651       2.27167344      0.948000014    
        1508  -5.54571199       1.83561420      0.948000014    
        1510  -5.55185318       2.02415109      0.948000014    
        1512  -5.52744341       2.27432609      0.948000014    
        1514  -5.50923109       2.05536222      0.948000014    
        1516  -5.45812035       2.11694264      0.948000014    
        1518  -5.41973114       2.49392366      0.948000014    
        1520  -5.47980261       2.33612728      0.948000014    
        1522  -5.45095396       2.58000517      0.948000014    
        1524  -5.34344244       3.08591700      0.948000014    
        1526  -5.50419712       2.15764928      0.948000014    
        1528  -5.64818382       1.17164993      0.948000014    
        1530  -5.51609898       1.53739417      0.948000014    
        1532  -5.50897694       1.73505366      0.948000014    
        1534  -5.60744238       1.14355958      0.948000014    
        1536  -5.56802320       1.56275129      0.948000014    
        1538  -5.34904432       2.64841509      0.948000014    
        1540  -5.46588755       2.33348417      0.948000014    
        1542  -5.42938566       2.33668256      0.948000014    
        1544  -5.41071081       2.32056808      0.948000014    
        1546  -5.33991861       3.15351725      0.948000014    
        1548  -5.34048653       2.81214809      0.948000014    
        1550  -5.40148926       2.53607273      0.948000014    
        1552  -5.38394928       2.53644991      0.948000014    
        1554  -5.53885412       1.81114435      0.948000014    
        1556  -5.64332581       1.23516798      0.948000014    
        1558  -5.65494680       1.15260398      0.948000014    
        1560  -5.53564835       1.89650369      0.948000014    
        1562  -5.57708549       1.73404408      0.948000014    
        1564  -5.48081398       2.10213757      0.948000014    
        1566  -5.52043676       2.00324440      0.948000014    
        1568  -5.40631628       2.55675125      0.948000014    
        1570  -5.44730520       2.36456800      0.948000014    
        1572  -5.37126970       2.69603062      0.948000014    
        1574  -5.45451260       2.49959016      0.948000014    
        1576  -5.55466318       1.86506784      0.948000014    
        1578  -5.56968069       1.40317476      0.948000014    
        1580  -5.64611769       1.12102628      0.948000014    
        1582  -5.61509371       1.26507235      0.948000014    
        1584  -5.50564718       2.15427852      0.948000014    
        1586  -5.51531696       1.83908224      0.948000014    
        1588  -5.50459099       1.98663211      0.948000014    
        1590  -5.58269930       1.79846430      0.948000014    
        1592  -5.57321167       1.93743455      0.948000014    
        1594  -5.58677197       1.87185299      0.948000014    
        1596  -5.51989317       2.25676703      0.948000014    
        1598  -5.47752333       2.38301015      0.948000014    
        1600  -5.44464684       2.68866229      0.948000014    
        1602  -5.55291033       2.13234305      0.948000014    
        1604  -5.55522060       2.21148467      0.948000014    
        1606  -5.54236603       2.51689672      0.948000014    
        1608  -5.47977400       2.90747261      0.948000014    
        1610  -5.46065950       2.76920390      0.948000014    
        1612  -5.57584953       2.16917658      0.948000014    
        1614  -5.70619297       1.32603884      0.948000014    
        1616  -5.68968964       1.74380934      0.948000014    
        1618  -5.65346670       1.59262156      0.948000014    
        1620  -5.58052111       2.18559861      0.948000014    
        1622  -5.50779343       2.48138547      0.948000014    
        1624  -5.50372839       2.15367222      0.948000014    
        1626  -5.53264332       1.96622849      0.948000014    
        1628  -5.59880829       1.85043049      0.948000014    
        1630  -5.54336023       2.08465075      0.948000014    
        1632  -5.43154716       2.90515709      0.948000014    
        1634  -5.46785975       2.67778826      0.948000014    
        1636  -5.45051050       2.66455412      0.948000014    
        1638  -5.48318434       2.72872376      0.948000014    
        1640  -5.52052879       2.25437689      0.948000014    
        1642  -5.60975122       1.87481463      0.948000014    
        1644  -5.64453459       1.72238398      0.948000014    
        1646  -5.64465046       1.45476830      0.948000014    
        1648  -5.61768723       1.60475266      0.948000014    
        1650  -5.57536173       1.72227824      0.948000014    
        1652  -5.56181765       2.06633854      0.948000014    
        1654  -5.52162600       2.48935342      0.948000014    
        1656  -5.35224009       3.32421613      0.948000014    
        1658  -5.42275333       3.20583773      0.948000014    
        1660  -5.61646748       2.29317260      0.948000014    
        1662  -5.62665939       2.19680834      0.948000014    
        1664  -5.59303474       1.95687175      0.948000014    
        1666  -5.54991674       2.07460761      0.948000014    
        1668  -5.53732443       2.05380774      0.948000014    
        1670  -5.56844616       1.92409277      0.948000014    
        1672  -5.55443096       1.83117831      0.948000014    
        1674  -5.75681829      0.977821648      0.948000014    
        1676  -5.69750977       1.51258075      0.948000014    
        1678  -5.64852238       1.75511098      0.948000014    
        1680  -5.59531116       1.62760377      0.948000014    
        1682  -5.65477705       1.26825368      0.948000014    
        1684  -5.73446274       1.09240282      0.948000014    
        1686  -5.63802528       1.61215162      0.948000014    
        1688  -5.55416679       2.01466417      0.948000014    
        1690  -5.50571823       2.38951111      0.948000014    
        1692  -5.55142593       2.13598537      0.948000014    
        1694  -5.44812202       2.78291893      0.948000014    
        1696  -5.50376940       2.50679541      0.948000014    
        1698  -5.52775860       2.08482862      0.948000014    
        1700  -5.61742640       1.78206396      0.948000014    
        1702  -5.38001442       3.06348372      0.948000014    
        1704  -5.44883871       2.80768490      0.948000014    
        1706  -5.51440859       2.51846385      0.948000014    
        1708  -5.65567350       1.46190178      0.948000014    
        1710  -5.67058849       1.26379323      0.948000014    
        1712  -5.71209145       1.01766026      0.948000014    
        1714  -5.68307877       1.10830975      0.948000014    
        1716  -5.69948530       1.34431517      0.948000014    
        1718  -5.68428421       1.47978473      0.948000014    
        1720  -5.72092485      0.945930600      0.948000014    
        1722  -5.77217007      0.657542884      0.948000014    
        1724  -5.54638720       1.81876230      0.948000014    
        1726  -5.69026232       1.16794312      0.948000014    
        1728  -5.64190674       1.53226960      0.948000014    
        1730  -5.72980547      0.917795062      0.948000014    
        1732  -5.68566465      0.845468283      0.948000014    
        1734  -5.73437548      0.815807343      0.948000014    
        1736  -5.72325039      0.644898772      0.948000014    
        1738  -5.70919847       1.24806786      0.948000014    
        1740  -5.64674711       1.40608668      0.948000014    
        1742  -5.73762178      0.840155184      0.948000014    
        1744  -5.69556665       1.20232642      0.948000014    
        1746  -5.68857050       1.24944615      0.948000014    
        1748  -5.59355879       1.76130235      0.948000014    
        1750  -5.72307587      0.980094492      0.948000014    
        1752  -5.68346310      0.860943675      0.948000014    
        1754  -5.77347565      0.381242812      0.948000014    
        1756  -5.82038116      0.294454515      0.948000014    
        1758  -5.75435257      0.743769467      0.948000014    
        1760  -5.71467733      0.755451977      0.948000014    
        1762  -5.54240608       1.65406513      0.948000014    
        1764  -5.60029221       1.46123862      0.948000014    
        1766  -5.63112307       1.20360661      0.948000014    
        1768  -5.77422571      0.688114882      0.948000014    
        1770  -5.77966738      0.650814891      0.948000014    
        1772  -5.73108292       1.10748231      0.948000014    
        1774  -5.75756502      0.578103840      0.948000014    
        1776  -5.71238852       1.05945098      0.948000014    
        1778  -5.77103758      0.845750570      0.948000014    
        1780  -5.73805952      0.795175314      0.948000014    
        1782  -5.76813126      0.752946436      0.948000014    
        1784  -5.58208466       1.77475226      0.948000014    
        1786  -5.60260248       1.66878951      0.948000014    
        1788  -5.62150812       1.55530083      0.948000014    
        1790  -5.66149282       1.36366677      0.948000014    
        1792  -5.63045454       1.60079062      0.948000014    
        1794  -5.63442183       1.43099344      0.948000014    
        1796  -5.62796450       1.44766200      0.948000014    
        1798  -5.49431133       1.96983421      0.948000014    
        1800  -5.43517351       2.00124955      0.948000014    
        1802  -5.55275345       1.25403786      0.948000014    
        1804  -5.58245087       1.21979487      0.948000014    
        1806  -5.63517284      0.896233737      0.948000014    
        1808  -5.51057625       1.44838655      0.948000014    
        1810  -5.60160542      0.889066458      0.948000014    
        1812  -5.58444262       1.26171350      0.948000014    
        1814  -5.54574871       1.58821583      0.948000014    
        1816  -5.54958439       1.59516323      0.948000014    
        1818  -5.53781366       1.70773983      0.948000014    
        1820  -5.60636139       1.15603626      0.948000014    
        1822  -5.51956081       1.68513918      0.948000014    
        1824  -5.55649519       1.55019367      0.948000014    
        1826  -5.62098742       1.23732233      0.948000014    
        1828  -5.55243254       1.62906551      0.948000014    
        1830  -5.51859236       1.71097171      0.948000014    
        1832  -5.67049646       1.03450584      0.948000014    
        1834  -5.62706137       1.36071122      0.948000014    
        1836  -5.57294035       1.73368764      0.948000014    
        1838  -5.56040955       1.99087632      0.948000014    
        1840  -5.65604496       1.51925015      0.948000014    
        1842  -5.65697432       1.46655428      0.948000014    
        1844  -5.66473722       1.51003265      0.948000014    
        1846  -5.62498093       1.65336621      0.948000014    
        1848  -5.53331327       2.42726135      0.948000014    
        1850  -5.63832188       2.02663708      0.948000014    
        1852  -5.68841457       1.56335258      0.948000014    
        1854  -5.52262211       2.40740132      0.948000014    
        1856  -5.55648708       2.36538863      0.948000014    
        1858  -5.69207573       1.74631989      0.948000014    
        1860  -5.68557549       1.47153878      0.948000014    
        1862  -5.68422794       1.52447402      0.948000014    
        1864  -5.64081430       1.63507366      0.948000014    
        1866  -5.76422882       1.21159136      0.948000014    
        1868  -5.73356390       1.41765368      0.948000014    
        1870  -5.85254145      0.969024360      0.948000014    
        1872  -5.65080643       1.67956626      0.948000014    
        1874  -5.72213936       1.39715457      0.948000014    
        1876  -5.61497927       1.97689295      0.948000014    
        1878  -5.54058313       2.37926197      0.948000014    
        1880  -5.54590607       2.35977483      0.948000014    
        1882  -5.64916372       1.85030639      0.948000014    
        1884  -5.65105391       1.95160472      0.948000014    
        1886  -5.65298367       2.13975191      0.948000014    
        1888  -5.52879095       2.61877680      0.948000014    
        1890  -5.61906338       2.28124380      0.948000014    
        1892  -5.57849836       2.32081199      0.948000014    
        1894  -5.54424524       2.53108382      0.948000014    
        1896  -5.57780266       2.65216947      0.948000014    
        1898  -5.38636827       3.49385238      0.948000014    
        1900  -5.50813770       2.56507158      0.948000014    
        1902  -5.58214569       2.07701826      0.948000014    
        1904  -5.63586712       1.41402268      0.948000014    
        1906  -5.53622675       1.68725491      0.948000014    
        1908  -5.62997389       1.38461637      0.948000014    
        1910  -5.79471159      0.436282277      0.948000014    
        1912  -5.77999067      0.846140921      0.948000014    
        1914  -5.61239004       1.38226640      0.948000014    
        1916  -5.68041086       1.38697815      0.948000014    
        1918  -5.71564341       1.07685018      0.948000014    
        1920  -5.76311159      0.851841569      0.948000014    
        1922  -5.68866110       1.16684151      0.948000014    
        1924  -5.65816641       1.23500586      0.948000014    
        1926  -5.72622633       1.08317649      0.948000014    
        1928  -5.62838316       1.77145100      0.948000014    
        1930  -5.67013121       1.56903672      0.948000014    
        1932  -5.71143579       1.49015987      0.948000014    
        1934  -5.78782415       1.03301835      0.948000014    
        1936  -5.78989649      0.879765987      0.948000014    
        1938  -5.68535709       1.32854295      0.948000014    
        1940  -5.74220896      0.981261253      0.948000014    
        1942  -5.78675556      0.919054508      0.948000014    
        1944  -5.73421431       1.34067512      0.948000014    
        1946  -5.77233696      0.761741698      0.948000014    
        1948  -5.65267515       1.45643902      0.948000014    
        1950  -5.64012623       1.60835385      0.948000014    
        1952  -5.64586401       1.58686793      0.948000014    
        1954  -5.54788256       2.13124776      0.948000014    
        1956  -5.75673819       1.05119288      0.948000014    
        1958  -5.68035126       1.55351758      0.948000014    
        1960  -5.78980446       1.08658040      0.948000014    
        1962  -5.80044222      0.987443566      0.948000014    
        1964  -5.77556801       1.08578241      0.948000014    
        1966  -5.84219027      0.604899049      0.948000014    
        1968  -5.78722811      0.970913112      0.948000014    
        1970  -5.64382315       1.62818480      0.948000014    
        1972  -5.68916750       1.50867856      0.948000014    
        1974  -5.66129112       1.81100667      0.948000014    
        1976  -5.79622555       1.03708076      0.948000014    
        1978  -5.78100157       1.33763170      0.948000014    
        1980  -5.82282495      0.746688128      0.948000014    
        1982  -5.70781946       1.50366843      0.948000014    
        1984  -5.77097988      0.935805321      0.948000014    
        1986  -5.68061018       1.46355259      0.948000014    
        1988  -5.76013374       1.08651733      0.948000014    
        1990  -5.80639029      0.838779807      0.948000014    
        1992  -5.68440437       1.39217091      0.948000014    
        1994  -5.69303989       1.54517317      0.948000014    
        1996  -5.63578033       1.92536688      0.948000014    
        1998  -5.63942480       1.76517320      0.948000014    
        2000  -5.57077408       2.26017332      0.948000014    
