           2  -5.17252302      0.702907920      0.828000009    
           4  -5.31651831     -0.256911725      0.828000009    
           6  -5.30470467     -0.171211094      0.828000009    
           8  -5.22412777      0.372238100      0.828000009    
          10  -5.20205355      0.590950966      0.828000009    
          12  -5.34644413       1.27946278E-02  0.828000009    
          14  -5.08179188       1.29099095      0.828000009    
          16  -5.23486805      0.484495461      0.828000009    
          18  -5.25769043      0.415305406      0.828000009    
          20  -5.26087141      0.476440072      0.828000009    
          22  -5.09435558       1.09915876      0.828000009    
          24  -5.22269058      0.511042714      0.828000009    
          26  -5.24173784      0.510653615      0.828000009    
          28  -5.11092091       1.27051830      0.828000009    
          30  -5.17181540      0.915607333      0.839999974    
          32  -5.20793247      0.793192029      0.839999974    
          34  -5.22404051      0.508491814      0.839999974    
          36  -5.26197433      0.327427745      0.839999974    
          38  -5.14956951      0.699250460      0.839999974    
          40  -5.29170465      0.320601135      0.839999974    
          42  -5.24180079      0.797236919      0.839999974    
          44  -5.26289463      0.485346615      0.851999998    
          46  -5.16792631       1.06901312      0.851999998    
          48  -5.10986614       1.13629472      0.851999998    
          50  -5.15569019      0.795925856      0.851999998    
          52  -5.27032471      0.268408924      0.851999998    
          54  -5.28958321      -1.59063414E-02  0.851999998    
          56  -5.18527269      0.217200384      0.851999998    
          58  -5.27345657      0.204041675      0.851999998    
          60  -5.09314585       1.16572356      0.851999998    
          62  -5.17592478      0.891412377      0.851999998    
          64  -5.13065195       1.14907146      0.851999998    
          66  -5.10049868      0.989439785      0.851999998    
          68  -5.21920109      0.347061396      0.851999998    
          70  -5.21210623      0.112990938      0.851999998    
          72  -5.07684803      0.515243292      0.851999998    
          74  -5.20363188     -0.160642013      0.851999998    
          76  -5.21612406       1.19813066E-02  0.851999998    
          78  -5.14666700      0.350104123      0.851999998    
          80  -5.15543032      0.244785592      0.851999998    
          82  -5.14419127      0.593500972      0.851999998    
          84  -5.17055559      0.619902968      0.851999998    
          86  -5.21458340      0.417173862      0.851999998    
          88  -5.17999411      0.923126459      0.851999998    
          90  -5.17602158      0.947803617      0.851999998    
          92  -5.21649599      0.521448553      0.851999998    
          94  -5.11341143      0.768078446      0.851999998    
          96  -5.08282137      0.977697194      0.851999998    
          98  -5.10188437      0.648732960      0.851999998    
         100  -5.23227739      0.195212319      0.851999998    
         102  -5.12909031      0.622619987      0.851999998    
         104  -5.14083910      -6.50894195E-02  0.851999998    
         106  -5.04740095      0.308358729      0.851999998    
         108  -5.13670444      -6.72990158E-02  0.851999998    
         110  -5.09552145      0.371001542      0.851999998    
         112  -4.99474573      0.515624642      0.851999998    
         114  -4.97547626      0.719724894      0.851999998    
         116  -5.11991549     -0.208679035      0.851999998    
         118  -5.09722185     -0.128897563      0.851999998    
         120  -5.06634665       3.67303193E-02  0.851999998    
         122  -5.17951059     -0.178648397      0.851999998    
         124  -5.18471861     -0.263925493      0.851999998    
         126  -5.14547348     -0.164541677      0.851999998    
         128  -5.12477684      0.131770194      0.851999998    
         130  -5.24912739     -0.495532751      0.851999998    
         132  -5.18570232     -0.196357250      0.851999998    
         134  -5.16741276     -0.213123873      0.851999998    
         136  -5.10581684      0.554012775      0.851999998    
         138  -5.14558697      0.485041380      0.851999998    
         140  -5.06204224      0.925472379      0.851999998    
         142  -5.06098795      0.879235625      0.851999998    
         144  -4.83139133       1.67836523      0.851999998    
         146  -5.04073334      0.847775698      0.851999998    
         148  -5.05669403      0.787352264      0.851999998    
         150  -5.10633230      0.804899156      0.851999998    
         152  -5.16119814      0.650243461      0.851999998    
         154  -5.24673986      0.155683190      0.851999998    
         156  -5.17728662      0.485470265      0.851999998    
         158  -5.18391132      0.709614873      0.851999998    
         160  -5.26135445      0.428510219      0.851999998    
         162  -5.27510214      0.106543384      0.851999998    
         164  -5.16648102      0.475975186      0.851999998    
         166  -5.06596756       1.12546372      0.851999998    
         168  -5.01650667       1.18703270      0.851999998    
         170  -5.14722586      0.433504641      0.851999998    
         172  -5.21992397       8.60288665E-02  0.851999998    
         174  -5.13038254      0.669647515      0.851999998    
         176  -5.29788923      0.243117690      0.851999998    
         178  -5.08515644      0.908620358      0.851999998    
         180  -5.26398945      0.418708026      0.851999998    
         182  -5.25710011      0.570185602      0.851999998    
         184  -5.24611044      0.645125628      0.851999998    
         186  -5.16212130       1.38797259      0.851999998    
         188  -5.27097321       1.00378835      0.851999998    
         190  -5.29317999      0.679312527      0.851999998    
         192  -5.35100079      0.205152318      0.851999998    
         194  -5.35854530      0.217324227      0.851999998    
         196  -5.27959776      0.196492687      0.851999998    
         198  -5.35262680     -0.121927045      0.851999998    
         200  -5.38206148     -0.109713115      0.851999998    
         202  -5.43057871     -0.416235685      0.864000022    
         204  -5.31791306      0.278851300      0.864000022    
         206  -5.33230782      0.151936233      0.864000022    
         208  -5.26060915      0.602169573      0.864000022    
         210  -5.23437881      0.520832241      0.864000022    
         212  -5.35217094       2.63301935E-02  0.864000022    
         214  -5.36333466       9.43151116E-02  0.864000022    
         216  -5.16422081       1.09196401      0.864000022    
         218  -5.19834328      0.850061357      0.864000022    
         220  -5.30763817      0.191126734      0.864000022    
         222  -5.32837057      0.583454847      0.864000022    
         224  -5.32283020      0.596267939      0.864000022    
         226  -5.31341362      0.745203555      0.864000022    
         228  -5.30787611      0.642857730      0.864000022    
         230  -5.20662832      0.922804952      0.864000022    
         232  -5.20761681      0.656440675      0.864000022    
         234  -5.24343920      0.540076613      0.864000022    
         236  -5.36272144      0.170625329      0.864000022    
         238  -5.31893253      0.655498326      0.864000022    
         240  -5.32151937      0.389707327      0.864000022    
         242  -5.37239170      0.302584827      0.864000022    
         244  -5.46024132      0.122616008      0.864000022    
         246  -5.54154778     -0.157934427      0.864000022    
         248  -5.41873503      0.658263147      0.864000022    
         250  -5.46211672      0.454505354      0.864000022    
         252  -5.48457766      0.388196528      0.864000022    
         254  -5.53400040      0.127868533      0.864000022    
         256  -5.48103952       7.12740421E-03  0.864000022    
         258  -5.55333805     -0.287761897      0.864000022    
         260  -5.48156023      -9.00909305E-02  0.864000022    
         262  -5.45903111      -7.26783350E-02  0.864000022    
         264  -5.44240665      0.129999593      0.864000022    
         266  -5.53519821     -0.326541483      0.864000022    
         268  -5.45319080      0.313847870      0.864000022    
         270  -5.42764378      0.840521336      0.864000022    
         272  -5.35455799       1.11180878      0.864000022    
         274  -5.48035145      0.720032513      0.864000022    
         276  -5.40556335       1.04280949      0.864000022    
         278  -5.42563105      0.909727573      0.864000022    
         280  -5.40778828       1.22735476      0.864000022    
         282  -5.47071314      0.996259868      0.864000022    
         284  -5.39659262       1.48620522      0.864000022    
         286  -5.33501625       1.77373087      0.864000022    
         288  -5.34907627       1.50000834      0.864000022    
         290  -5.28241730       1.63665426      0.864000022    
         292  -5.35422421       1.35644102      0.864000022    
         294  -5.43251085      0.829936862      0.864000022    
         296  -5.56991577     -0.317886174      0.864000022    
         298  -5.55332756     -0.345051318      0.864000022    
         300  -5.59080124     -0.306679070      0.864000022    
         302  -5.51169682      0.198965296      0.864000022    
         304  -5.42247248      0.484510422      0.864000022    
         306  -5.43885899      0.412595898      0.864000022    
         308  -5.45909786      0.742594123      0.864000022    
         310  -5.63489532      -7.05433711E-02  0.864000022    
         312  -5.60665512      0.243574098      0.864000022    
         314  -5.43007183       1.10941923      0.864000022    
         316  -5.43445969      0.970975220      0.864000022    
         318  -5.31555319       1.60783195      0.864000022    
         320  -5.43572712      0.938658834      0.864000022    
         322  -5.45575285      0.576782346      0.864000022    
         324  -5.48724604      0.286651552      0.864000022    
         326  -5.40161657      0.750138938      0.864000022    
         328  -5.48414755       9.48441252E-02  0.864000022    
         330  -5.35274458      0.570187271      0.864000022    
         332  -5.32724285      0.674540639      0.864000022    
         334  -5.45653534      0.233524680      0.864000022    
         336  -5.33879662      0.961732507      0.864000022    
         338  -5.27070379       1.19752300      0.864000022    
         340  -5.30305624       1.20266998      0.864000022    
         342  -5.31846714      0.882027745      0.864000022    
         344  -5.33925200      0.668353140      0.864000022    
         346  -5.36698294       2.49776505E-02  0.864000022    
         348  -5.45244265     -0.345715255      0.864000022    
         350  -5.49989271      -6.75703734E-02  0.864000022    
         352  -5.34971809       1.11033690      0.864000022    
         354  -5.37564945      0.816542029      0.864000022    
         356  -5.47613144      0.384555280      0.864000022    
         358  -5.50734282      0.153091595      0.864000022    
         360  -5.48033571      0.287324518      0.875999987    
         362  -5.42123461      0.487550199      0.875999987    
         364  -5.49217796      0.194767609      0.875999987    
         366  -5.49493694      0.378713161      0.875999987    
         368  -5.54611588       7.77011588E-02  0.875999987    
         370  -5.36229610       1.05020678      0.875999987    
         372  -5.31498766       1.12598622      0.875999987    
         374  -5.35001945       1.14629138      0.875999987    
         376  -5.41707134      0.727475405      0.875999987    
         378  -5.39588928      0.865396023      0.875999987    
         380  -5.36797285      0.980471194      0.875999987    
         382  -5.37940073      0.555160642      0.875999987    
         384  -5.34095621      0.860398769      0.875999987    
         386  -5.37896872      0.685883164      0.875999987    
         388  -5.42951012      0.270548850      0.875999987    
         390  -5.35227585      0.613459229      0.875999987    
         392  -5.20804691       1.25653255      0.875999987    
         394  -5.08204985       1.96874952      0.875999987    
         396  -5.32532215      0.640973270      0.875999987    
         398  -5.22941494       1.16920626      0.875999987    
         400  -5.26861286       1.11829925      0.875999987    
         402  -5.27465630       1.32666671      0.875999987    
         404  -5.24580383       1.24988985      0.875999987    
         406  -5.34105349      0.914444685      0.875999987    
         408  -5.33845568      0.847173750      0.875999987    
         410  -5.32282162      0.855020165      0.875999987    
         412  -5.40099096      0.132081702      0.875999987    
         414  -5.33390474      0.703897834      0.875999987    
         416  -5.38559294      0.576144278      0.875999987    
         418  -5.42672634      0.459537685      0.875999987    
         420  -5.31025410       1.30008996      0.875999987    
         422  -5.23502541       1.64159131      0.875999987    
         424  -5.48691845      0.130989999      0.875999987    
         426  -5.49108601      0.429158419      0.875999987    
         428  -5.48624563      0.593953013      0.875999987    
         430  -5.43922997      0.891314268      0.875999987    
         432  -5.41307640      0.816424072      0.875999987    
         434  -5.35396433       1.22335351      0.875999987    
         436  -5.38178587       1.43164885      0.875999987    
         438  -5.31090260       2.17167664      0.875999987    
         440  -5.44371462       1.58253562      0.875999987    
         442  -5.41439009       1.66820669      0.875999987    
         444  -5.24139261       2.52055025      0.875999987    
         446  -5.21714354       2.25647855      0.875999987    
         448  -5.28757238       1.81440663      0.875999987    
         450  -5.21208239       2.11415720      0.875999987    
         452  -5.29235983       1.36507559      0.864000022    
         454  -5.22233343       1.40006030      0.864000022    
         456  -5.31029558       1.13794088      0.864000022    
         458  -5.42432928      0.115803905      0.864000022    
         460  -5.24558496       1.04060745      0.864000022    
         462  -5.24114037       1.31254160      0.864000022    
         464  -5.33902264      0.626794636      0.864000022    
         466  -5.27919579       1.08257020      0.864000022    
         468  -5.18862963       1.50302732      0.864000022    
         470  -5.28280973       1.46552896      0.864000022    
         472  -5.37513065      0.867451727      0.864000022    
         474  -5.40344000      0.250571847      0.864000022    
         476  -5.34381151      0.662940025      0.864000022    
         478  -5.32734394      0.339131147      0.864000022    
         480  -5.37896204      0.149395347      0.864000022    
         482  -5.46065092     -0.423447460      0.864000022    
         484  -5.40866661     -0.213218153      0.864000022    
         486  -5.38837385      0.107220680      0.864000022    
         488  -5.22254324       1.20781672      0.864000022    
         490  -5.13260794       1.43715107      0.864000022    
         492  -5.11399746       1.25121582      0.864000022    
         494  -5.21597338      0.551745594      0.864000022    
         496  -5.27979708      0.294482440      0.864000022    
         498  -5.21611357      0.625885904      0.864000022    
         500  -5.25167131       1.16849136      0.875999987    
         502  -5.30770063      0.966692984      0.875999987    
         504  -5.28226662      0.906558096      0.875999987    
         506  -5.07812262       1.86861253      0.875999987    
         508  -5.08487225       2.03433847      0.875999987    
         510  -5.21427011       1.44196045      0.875999987    
         512  -5.22362757       1.62028325      0.875999987    
         514  -5.26225948       1.62179852      0.875999987    
         516  -5.16042900       1.92375624      0.875999987    
         518  -5.09812737       1.94333231      0.875999987    
         520  -5.21923208       1.35865450      0.875999987    
         522  -5.13773012       1.60401821      0.875999987    
         524  -5.19534016       1.32186997      0.875999987    
         526  -5.09902382       1.80263329      0.875999987    
         528  -5.00265169       2.10705566      0.875999987    
         530  -5.15457773       1.42863572      0.875999987    
         532  -5.16735125       1.27733028      0.875999987    
         534  -5.16291094       1.69695055      0.875999987    
         536  -5.27344370       1.65291286      0.888000011    
         538  -5.17174053       2.13031006      0.888000011    
         540  -5.29862070       1.49352074      0.888000011    
         542  -5.30989981       1.42064726      0.888000011    
         544  -5.31280708       1.44277394      0.888000011    
         546  -5.34058332       1.26880956      0.888000011    
         548  -5.30655527       1.41289937      0.888000011    
         550  -5.26126719       1.41981852      0.888000011    
         552  -5.37298393       1.06813288      0.888000011    
         554  -5.24256945       1.61002862      0.888000011    
         556  -5.35620165      0.728020728      0.888000011    
         558  -5.36775637      0.647252440      0.888000011    
         560  -5.31549215      0.754052520      0.888000011    
         562  -5.28182459       1.28456128      0.888000011    
         564  -5.34425211       1.05978227      0.888000011    
         566  -5.57170677      0.176817819      0.888000011    
         568  -5.51800060      0.377455950      0.888000011    
         570  -5.50802183      0.674094260      0.888000011    
         572  -5.43758249       1.02216458      0.888000011    
         574  -5.55925465      0.721266091      0.888000011    
         576  -5.47920704       1.08320117      0.888000011    
         578  -5.36186266       1.55941117      0.888000011    
         580  -5.51528311      0.825559855      0.888000011    
         582  -5.48220253       1.10763884      0.888000011    
         584  -5.56976271      0.762290955      0.888000011    
         586  -5.50800800      0.761543393      0.888000011    
         588  -5.19313669       2.22595930      0.888000011    
         590  -5.30688095       1.98117673      0.888000011    
         592  -5.38204622       1.68039584      0.888000011    
         594  -5.37388372       1.49719310      0.888000011    
         596  -5.35909414       1.62406337      0.888000011    
         598  -5.42572737       1.13334739      0.888000011    
         600  -5.40617752       1.26220500      0.888000011    
         602  -5.32329607       1.57671583      0.888000011    
         604  -5.25578690       1.52459657      0.888000011    
         606  -5.35701752       1.20491421      0.888000011    
         608  -5.37154102      0.626453042      0.888000011    
         610  -5.47979259      0.245347112      0.888000011    
         612  -5.46900225      0.465020090      0.888000011    
         614  -5.43314791      0.678597391      0.888000011    
         616  -5.49122286      0.673515439      0.888000011    
         618  -5.43626404      0.966502190      0.888000011    
         620  -5.46302271      0.631526470      0.888000011    
         622  -5.49629545      0.698643506      0.888000011    
         624  -5.52387714      0.377024561      0.888000011    
         626  -5.55400562      0.672419190      0.888000011    
         628  -5.49652863       1.11437702      0.888000011    
         630  -5.47104406      0.991106033      0.888000011    
         632  -5.48059750       1.06351256      0.888000011    
         634  -5.47197390      0.830688775      0.888000011    
         636  -5.59368515      -2.37255972E-02  0.888000011    
         638  -5.60836649      0.291765720      0.888000011    
         640  -5.56080723      0.914992094      0.899999976    
         642  -5.41882467       1.81655657      0.899999976    
         644  -5.62205267      0.444959104      0.899999976    
         646  -5.58800650      0.630892277      0.899999976    
         648  -5.58288622      0.988459229      0.899999976    
         650  -5.55373478       1.31438887      0.899999976    
         652  -5.68750668      0.860054791      0.899999976    
         654  -5.59689713       1.09587777      0.899999976    
         656  -5.56253004       1.23657644      0.899999976    
         658  -5.58381605      0.937122226      0.899999976    
         660  -5.46735096       1.32015109      0.899999976    
         662  -5.51160765      0.927485466      0.899999976    
         664  -5.61100531      0.767968476      0.899999976    
         666  -5.59849882      0.747021258      0.899999976    
         668  -5.60076427      0.693816245      0.899999976    
         670  -5.64887667      0.199975923      0.899999976    
         672  -5.52111197      0.926741898      0.899999976    
         674  -5.52199030      0.597814262      0.899999976    
         676  -5.61343098      0.609459043      0.899999976    
         678  -5.55123711       1.04929733      0.899999976    
         680  -5.49145937       1.48124015      0.899999976    
         682  -5.51957607       1.54236674      0.899999976    
         684  -5.65517235      0.682735741      0.899999976    
         686  -5.56837320      0.969306529      0.899999976    
         688  -5.56517935      0.995297015      0.899999976    
         690  -5.63218164      0.459306359      0.899999976    
         692  -5.52541399      0.860231340      0.899999976    
         694  -5.64055347      0.687245667      0.899999976    
         696  -5.55348730       1.43601584      0.899999976    
         698  -5.50617361       1.49702561      0.899999976    
         700  -5.46717024       1.42308533      0.899999976    
         702  -5.54811287       1.45084858      0.899999976    
         704  -5.44640303       2.06100488      0.899999976    
         706  -5.48284101       1.83098400      0.899999976    
         708  -5.51301956       2.04391980      0.899999976    
         710  -5.38872719       2.50050902      0.899999976    
         712  -5.42458963       2.07372713      0.899999976    
         714  -5.42363214       2.03187132      0.899999976    
         716  -5.57446766       1.31891882      0.899999976    
         718  -5.58441877       1.04395032      0.899999976    
         720  -5.57614136       1.05208099      0.899999976    
         722  -5.60025501       1.03914046      0.899999976    
         724  -5.62740040      0.897829831      0.899999976    
         726  -5.65062237      0.906780303      0.899999976    
         728  -5.60917282       1.08677089      0.899999976    
         730  -5.53625536       1.49874973      0.899999976    
         732  -5.50270939       1.58268678      0.899999976    
         734  -5.60722113       1.43303251      0.899999976    
         736  -5.65930510      0.988259315      0.899999976    
         738  -5.62439013       1.10920751      0.899999976    
         740  -5.50442839       1.56716228      0.899999976    
         742  -5.44642448       1.76243341      0.899999976    
         744  -5.35796690       2.20418429      0.899999976    
         746  -5.37275171       2.08974600      0.899999976    
         748  -5.49710417       1.25639057      0.899999976    
         750  -5.50297451       1.03705454      0.899999976    
         752  -5.34358835       1.84196246      0.899999976    
         754  -5.48714304      0.877526104      0.888000011    
         756  -5.49678373      0.672703862      0.888000011    
         758  -5.40048647       1.24178851      0.888000011    
         760  -5.43190861       1.28279245      0.888000011    
         762  -5.44222164       1.67325497      0.888000011    
         764  -5.56358385      0.972966015      0.888000011    
         766  -5.45304394       1.50682557      0.888000011    
         768  -5.59758472      0.720062494      0.888000011    
         770  -5.59244204      0.835524380      0.888000011    
         772  -5.60130501      0.761588395      0.888000011    
         774  -5.47397900       1.38645732      0.888000011    
         776  -5.46873569       1.25378573      0.888000011    
         778  -5.49783754       1.01116216      0.888000011    
         780  -5.38177967       1.40661454      0.888000011    
         782  -5.19398499       2.30040050      0.888000011    
         784  -5.23794937       1.83936596      0.888000011    
         786  -5.42096472       1.03973114      0.888000011    
         788  -5.53339148      0.643765152      0.888000011    
         790  -5.43671656       1.12614155      0.888000011    
         792  -5.51380253      0.832202196      0.888000011    
         794  -5.38842869       1.41552103      0.888000011    
         796  -5.55214357      0.717985153      0.888000011    
         798  -5.49853611      0.956349730      0.888000011    
         800  -5.40850782       1.38663280      0.888000011    
         802  -5.39721489       1.32642138      0.888000011    
         804  -5.37445879       1.62203813      0.888000011    
         806  -5.26375771       1.84446430      0.875999987    
         808  -5.28586435       1.70439911      0.875999987    
         810  -5.40665722       1.20463359      0.875999987    
         812  -5.43331814       1.01824439      0.875999987    
         814  -5.18448162       2.11934614      0.875999987    
         816  -5.23280096       1.58026350      0.864000022    
         818  -5.35390568      0.845172763      0.864000022    
         820  -5.22293949       1.42727232      0.864000022    
         822  -5.06430626       2.16656637      0.864000022    
         824  -5.02798557       2.44406080      0.864000022    
         826  -5.27665520       1.08082604      0.864000022    
         828  -5.29722881       1.12990689      0.875999987    
         830  -5.35149717      0.917175412      0.875999987    
         832  -5.43314743      0.632394910      0.875999987    
         834  -5.44322777      0.689553738      0.875999987    
         836  -5.37159634      0.728297353      0.875999987    
         838  -5.19624233       1.60299706      0.875999987    
         840  -5.16590786       1.97577929      0.875999987    
         842  -5.22858906       1.87519073      0.875999987    
         844  -5.35789347      0.825523496      0.875999987    
         846  -5.45509529      0.433451265      0.875999987    
         848  -5.39774799      0.594493508      0.875999987    
         850  -5.44600391      0.562235057      0.875999987    
         852  -5.36567926       1.16406548      0.875999987    
         854  -5.36510038       1.04505479      0.875999987    
         856  -5.31068993       1.19889951      0.875999987    
         858  -5.43398857      0.603767633      0.875999987    
         860  -5.48269939      0.517983556      0.875999987    
         862  -5.46804285      0.688364208      0.875999987    
         864  -5.31857014       1.67453766      0.875999987    
         866  -5.42925978      0.953998804      0.875999987    
         868  -5.42566013      0.787415206      0.875999987    
         870  -5.47079563      0.986178696      0.875999987    
         872  -5.45160913       1.13636494      0.875999987    
         874  -5.38223886       1.36734712      0.875999987    
         876  -5.44107676      0.844995558      0.875999987    
         878  -5.32618332       1.47779524      0.875999987    
         880  -5.32334185       1.39882064      0.875999987    
         882  -5.22754955       1.84918141      0.875999987    
         884  -5.30929899       1.32956600      0.875999987    
         886  -5.38914728      0.747295797      0.875999987    
         888  -5.32686758       1.25736105      0.875999987    
         890  -5.29727554       1.35884273      0.875999987    
         892  -5.23526764       1.72100401      0.875999987    
         894  -5.21390676       2.07532835      0.875999987    
         896  -5.35780001       1.32540643      0.888000011    
         898  -5.29649258       1.76228976      0.888000011    
         900  -5.37438583       1.19812012      0.888000011    
         902  -5.31553698       1.17875731      0.888000011    
         904  -5.28456497       1.73592317      0.888000011    
         906  -5.18841314       1.75049353      0.888000011    
         908  -5.32811356       1.38802767      0.888000011    
         910  -5.17762470       1.79456747      0.888000011    
         912  -5.22668791       1.86075282      0.888000011    
         914  -5.42383003      0.595126152      0.888000011    
         916  -5.39038324      0.736135960      0.888000011    
         918  -5.29846859       1.22059619      0.888000011    
         920  -5.16634607       1.80443335      0.888000011    
         922  -5.12755823       1.86778522      0.888000011    
         924  -5.20665646       1.63026690      0.888000011    
         926  -5.27968073       1.31221068      0.888000011    
         928  -5.31002235       1.30907631      0.888000011    
         930  -5.27705479       1.43034005      0.888000011    
         932  -5.32624912       1.19106483      0.888000011    
         934  -5.33488894       1.26697397      0.888000011    
         936  -5.42074203      0.928654671      0.888000011    
         938  -5.46319723      0.751987457      0.888000011    
         940  -5.50587702      0.884063601      0.888000011    
         942  -5.44578695       1.11405659      0.888000011    
         944  -5.34960365       1.55317211      0.888000011    
         946  -5.46596718       1.12002301      0.888000011    
         948  -5.49860954      0.990676284      0.888000011    
         950  -5.39456701       1.24428332      0.888000011    
         952  -5.49497938      0.881437361      0.888000011    
         954  -5.49854994      0.734755874      0.888000011    
         956  -5.51826906      0.761745214      0.888000011    
         958  -5.41799688       1.00049436      0.888000011    
         960  -5.40855312      0.869252145      0.888000011    
         962  -5.49621773      0.769980311      0.888000011    
         964  -5.44708443       1.15501487      0.888000011    
         966  -5.33896971       1.30687940      0.888000011    
         968  -5.29830694       1.11378372      0.888000011    
         970  -5.24020386       1.50078905      0.888000011    
         972  -5.25016499       1.62494600      0.888000011    
         974  -5.32896852       1.31663883      0.888000011    
         976  -5.17941904       1.98981524      0.888000011    
         978  -5.20774221       1.57919896      0.888000011    
         980  -5.29707146       1.12500215      0.888000011    
         982  -5.33540487       1.02963638      0.888000011    
         984  -5.32500601       1.07070565      0.888000011    
         986  -5.12588072       1.99669719      0.888000011    
         988  -5.08753443       2.24254727      0.888000011    
         990  -5.02812815       2.22333026      0.875999987    
         992  -5.09039879       1.79986858      0.875999987    
         994  -5.27892828      0.929928005      0.875999987    
         996  -5.26521015      0.893030345      0.875999987    
         998  -5.23060322       1.04191566      0.875999987    
        1000  -5.24541998      0.824020922      0.875999987    
        1002  -5.10727024       1.39427924      0.875999987    
        1004  -5.25443745       1.02769375      0.875999987    
        1006  -5.25471783       1.27140868      0.875999987    
        1008  -5.24336481       1.01147211      0.875999987    
        1010  -5.27790308      0.778175116      0.875999987    
        1012  -5.19312954       1.34384727      0.875999987    
        1014  -5.23478794       1.28611243      0.875999987    
        1016  -5.27648973       1.07194448      0.875999987    
        1018  -5.39690876      0.426503390      0.875999987    
        1020  -5.22249317       1.14959598      0.875999987    
        1022  -5.25133562       1.04563093      0.875999987    
        1024  -5.25422478      0.908317566      0.875999987    
        1026  -5.28110743      0.596921146      0.875999987    
        1028  -5.33970213      0.267859131      0.875999987    
        1030  -5.30793953      0.477419734      0.875999987    
        1032  -5.37365294       7.68963248E-02  0.875999987    
        1034  -5.29407692      0.694782197      0.875999987    
        1036  -5.34799147      0.596703708      0.875999987    
        1038  -5.27050495      0.854428351      0.875999987    
        1040  -5.20822239       1.49449432      0.875999987    
        1042  -5.23354769       1.23090172      0.875999987    
        1044  -5.21909142      0.994926393      0.875999987    
        1046  -5.09407043       1.54007304      0.875999987    
        1048  -5.05885267       1.68666339      0.875999987    
        1050  -5.15246582       1.04981792      0.875999987    
        1052  -5.06571150       1.45084751      0.875999987    
        1054  -5.13320589       1.18236065      0.875999987    
        1056  -5.29197979      0.657014072      0.875999987    
        1058  -5.29341745      0.688969672      0.875999987    
        1060  -5.23432159       1.10480678      0.875999987    
        1062  -5.23941565      0.997848928      0.875999987    
        1064  -5.22996569       1.02598917      0.875999987    
        1066  -5.29617023      0.543303609      0.875999987    
        1068  -5.30834055      0.383685231      0.875999987    
        1070  -5.24947548      0.773197353      0.888000011    
        1072  -5.16701412       1.43496227      0.888000011    
        1074  -5.03918600       2.05163383      0.888000011    
        1076  -5.16220760       1.36686635      0.888000011    
        1078  -5.08882713       2.07789326      0.888000011    
        1080  -5.13288832       1.71580803      0.888000011    
        1082  -5.17436790       1.78370380      0.888000011    
        1084  -5.01433945       2.23270321      0.888000011    
        1086  -5.00609779       2.47976971      0.888000011    
        1088  -5.06635094       1.96375942      0.888000011    
        1090  -5.14400434       1.62297690      0.888000011    
        1092  -5.34998083      0.329349935      0.888000011    
        1094  -5.18422842      0.918565691      0.888000011    
        1096  -5.13734150       1.06588793      0.888000011    
        1098  -5.19343519      0.975591958      0.888000011    
        1100  -5.29765987      0.390212268      0.888000011    
        1102  -5.27581310      0.304970831      0.888000011    
        1104  -5.27166033      0.501946688      0.888000011    
        1106  -5.28217173      0.419631839      0.888000011    
        1108  -5.26329422      0.516883016      0.888000011    
        1110  -5.13194513       1.11952674      0.888000011    
        1112  -5.17040110       1.17038071      0.888000011    
        1114  -5.33192730      0.482659489      0.888000011    
        1116  -5.23661280      0.965151131      0.888000011    
        1118  -5.29316902      0.526236355      0.888000011    
        1120  -5.26593113      0.766585708      0.888000011    
        1122  -5.22521067      0.776966512      0.888000011    
        1124  -5.38556623       1.08201737E-02  0.888000011    
        1126  -5.30065680      0.439325362      0.888000011    
        1128  -5.37322378      0.143359601      0.888000011    
        1130  -5.27432251      0.797553718      0.888000011    
        1132  -5.31463432      0.603164554      0.888000011    
        1134  -5.31656408      0.461099029      0.888000011    
        1136  -5.29966211      0.650848806      0.888000011    
        1138  -5.17557001       1.26783502      0.888000011    
        1140  -5.11383915       1.68468499      0.888000011    
        1142  -5.46683359       3.76531831E-03  0.888000011    
        1144  -5.45016670      0.231706545      0.888000011    
        1146  -5.45259333      0.326728821      0.888000011    
        1148  -5.49621916      -8.40711147E-02  0.888000011    
        1150  -5.57400417     -0.189517125      0.888000011    
        1152  -5.52356195      0.344600797      0.888000011    
        1154  -5.50687313      0.300385773      0.888000011    
        1156  -5.49339628      0.423953533      0.888000011    
        1158  -5.55065155      0.188375682      0.888000011    
        1160  -5.46928501      0.798518062      0.888000011    
        1162  -5.62126541     -0.143106759      0.888000011    
        1164  -5.59128809      0.129627854      0.888000011    
        1166  -5.51687002      0.152295098      0.888000011    
        1168  -5.54851484       2.36095879E-02  0.888000011    
        1170  -5.48381472      0.617255628      0.888000011    
        1172  -5.58703327      0.146873504      0.888000011    
        1174  -5.60927629      0.138993576      0.888000011    
        1176  -5.51484442      0.318185270      0.888000011    
        1178  -5.48421192      0.670026779      0.888000011    
        1180  -5.47908306      0.456725091      0.888000011    
        1182  -5.39070177      0.920231760      0.888000011    
        1184  -5.38346338      0.507529199      0.888000011    
        1186  -5.36259270      0.632929742      0.888000011    
        1188  -5.38856936      0.771105409      0.888000011    
        1190  -5.45404911      0.816489518      0.888000011    
        1192  -5.41144562      0.541667581      0.888000011    
        1194  -5.37166691      0.618815899      0.888000011    
        1196  -5.35121822      0.757102609      0.888000011    
        1198  -5.34648275      0.792218924      0.888000011    
        1200  -5.41238022      0.766348541      0.888000011    
        1202  -5.34020376       1.30690563      0.888000011    
        1204  -5.39523125      0.791203856      0.888000011    
        1206  -5.41630888      0.452050745      0.888000011    
        1208  -5.28371716       1.37692964      0.888000011    
        1210  -5.36593580       1.18311954      0.888000011    
        1212  -5.30259752       1.41743207      0.888000011    
        1214  -5.19550562       1.82872915      0.888000011    
        1216  -5.27792645       1.52408719      0.888000011    
        1218  -5.18246698       1.51465070      0.888000011    
        1220  -5.41476870      0.679884374      0.888000011    
        1222  -5.44275427      0.930195153      0.888000011    
        1224  -5.38930321      0.797748744      0.888000011    
        1226  -5.32348967       1.11641634      0.888000011    
        1228  -5.32807922       1.15840054      0.888000011    
        1230  -5.35655308       1.07525313      0.888000011    
        1232  -5.41931009      0.564332187      0.888000011    
        1234  -5.41761255      0.671949446      0.888000011    
        1236  -5.30160284       1.16340613      0.888000011    
        1238  -5.41118908      0.547507763      0.888000011    
        1240  -5.37874126      0.342049420      0.888000011    
        1242  -5.50783777     -0.366752863      0.888000011    
        1244  -5.46383190      -1.52820367E-02  0.888000011    
        1246  -5.41999531      0.115125649      0.888000011    
        1248  -5.35383606      0.713241637      0.888000011    
        1250  -5.34159899       1.02348495      0.888000011    
        1252  -5.37825060      0.613325536      0.888000011    
        1254  -5.30720329      0.652348340      0.888000011    
        1256  -5.41345787      0.296857446      0.888000011    
        1258  -5.37219048      0.575474501      0.888000011    
        1260  -5.17996550       1.32305968      0.888000011    
        1262  -5.13228941       1.77395833      0.888000011    
        1264  -5.23539543       1.27583849      0.888000011    
        1266  -5.15554094       1.99683487      0.888000011    
        1268  -5.28875208       1.23972416      0.888000011    
        1270  -5.34927511      0.809736013      0.888000011    
        1272  -5.37115574      0.709211528      0.888000011    
        1274  -5.42449617      0.320454270      0.888000011    
        1276  -5.37754011      0.510903835      0.888000011    
        1278  -5.24450445      0.912169158      0.888000011    
        1280  -5.31441689      0.607759655      0.888000011    
        1282  -5.21122313       1.09127188      0.888000011    
        1284  -5.38125420      0.290890902      0.888000011    
        1286  -5.20265007       1.37839353      0.888000011    
        1288  -5.20730305       1.49914598      0.888000011    
        1290  -5.10766506       2.05982566      0.888000011    
        1292  -5.17428875       1.59709668      0.888000011    
        1294  -5.25818777       1.39835870      0.888000011    
        1296  -5.27438736       1.37158144      0.888000011    
        1298  -5.23810959       1.55555689      0.888000011    
        1300  -5.25253010       1.60899425      0.888000011    
        1302  -5.12086868       2.26354051      0.888000011    
        1304  -5.12458611       2.04390740      0.888000011    
        1306  -5.15407610       1.85712087      0.888000011    
        1308  -5.06225014       2.62531590      0.888000011    
        1310  -5.14986563       2.16398668      0.888000011    
        1312  -5.14877367       1.77795780      0.888000011    
        1314  -5.08212519       2.06556225      0.888000011    
        1316  -5.24768257       1.49359202      0.888000011    
        1318  -5.36331654      0.822370708      0.888000011    
        1320  -5.30194521      0.884277403      0.888000011    
        1322  -5.23596764       1.52411878      0.888000011    
        1324  -5.29921913       1.26676667      0.888000011    
        1326  -5.25465441       1.48708284      0.888000011    
        1328  -5.33550215       1.09196496      0.888000011    
        1330  -5.26932192       1.38895631      0.888000011    
        1332  -5.22217417       1.74698281      0.888000011    
        1334  -5.31690645       1.31468832      0.888000011    
        1336  -5.41086769      0.599105239      0.888000011    
        1338  -5.41620827      0.563925147      0.888000011    
        1340  -5.30465317       1.28873384      0.888000011    
        1342  -5.51010275      0.272902638      0.888000011    
        1344  -5.45607281      0.551812470      0.888000011    
        1346  -5.45412922      0.487677813      0.888000011    
        1348  -5.41977930      0.508272588      0.888000011    
        1350  -5.45940065      0.828148782      0.899999976    
        1352  -5.37385893       1.16235197      0.899999976    
        1354  -5.37624121       1.15873134      0.899999976    
        1356  -5.37418509       1.34576929      0.899999976    
        1358  -5.44241762      0.959267378      0.899999976    
        1360  -5.50079060       1.02438962      0.899999976    
        1362  -5.44059753      0.996101797      0.899999976    
        1364  -5.54953671      0.498936445      0.899999976    
        1366  -5.62992239      0.218388721      0.899999976    
        1368  -5.71128130     -0.198906824      0.899999976    
        1370  -5.68388748      0.180251420      0.899999976    
        1372  -5.74904394     -0.330738187      0.899999976    
        1374  -5.59802198       3.44342366E-02  0.899999976    
        1376  -5.52398252      0.594983160      0.899999976    
        1378  -5.47758484       1.10011029      0.899999976    
        1380  -5.44982052       1.47991312      0.899999976    
        1382  -5.37932444       1.76093650      0.899999976    
        1384  -5.39393950       1.80120921      0.899999976    
        1386  -5.44490480       1.45144832      0.899999976    
        1388  -5.57265329      0.547958076      0.899999976    
        1390  -5.55426121      0.817014039      0.899999976    
        1392  -5.47658682      0.999761105      0.899999976    
        1394  -5.48930693       1.04728115      0.899999976    
        1396  -5.56454325      0.439286172      0.899999976    
        1398  -5.57230473      0.486373007      0.899999976    
        1400  -5.48805523      0.819235265      0.899999976    
        1402  -5.49651527       1.07613206      0.899999976    
        1404  -5.45642090       1.27760375      0.899999976    
        1406  -5.40366554       1.40267658      0.899999976    
        1408  -5.38872862       1.39978862      0.899999976    
        1410  -5.25900602       1.99560249      0.899999976    
        1412  -5.34092808       1.59530711      0.899999976    
        1414  -5.51173210      0.834414661      0.899999976    
        1416  -5.47582436       1.09854567      0.899999976    
        1418  -5.43572807       1.46314263      0.899999976    
        1420  -5.40611696       1.47770596      0.899999976    
        1422  -5.35559416       1.70706081      0.899999976    
        1424  -5.39493370       1.62933075      0.899999976    
        1426  -5.41485548       1.63331652      0.899999976    
        1428  -5.47191668       1.34391725      0.899999976    
        1430  -5.35826921       1.70955384      0.899999976    
        1432  -5.28156900       2.08770108      0.899999976    
        1434  -5.37207842       1.57750797      0.899999976    
        1436  -5.48248911      0.854100287      0.899999976    
        1438  -5.40164757       1.33281982      0.899999976    
        1440  -5.51457453      0.788012385      0.899999976    
        1442  -5.46893787      0.977955997      0.899999976    
        1444  -5.44999838      0.994594932      0.899999976    
        1446  -5.49200153      0.672745526      0.899999976    
        1448  -5.40915728      0.950680256      0.899999976    
        1450  -5.34912634      0.975460112      0.899999976    
        1452  -5.43841696      0.893372357      0.899999976    
        1454  -5.42195797       1.17442715      0.899999976    
        1456  -5.45358562      0.599157274      0.899999976    
        1458  -5.28719282       1.70933723      0.899999976    
        1460  -5.29151964       1.67133164      0.899999976    
        1462  -5.36350679       1.33278596      0.899999976    
        1464  -5.40318966       1.14378476      0.899999976    
        1466  -5.35262299       1.26038671      0.888000011    
        1468  -5.35989141       1.25511932      0.888000011    
        1470  -5.30019236       1.69472003      0.888000011    
        1472  -5.55471516      0.301107764      0.888000011    
        1474  -5.44454765      0.818982482      0.888000011    
        1476  -5.30025625       1.51435304      0.888000011    
        1478  -5.12812710       2.12586260      0.888000011    
        1480  -5.31184053       1.18386865      0.888000011    
        1482  -5.34319162       1.19498897      0.888000011    
        1484  -5.23685265       1.71001387      0.888000011    
        1486  -5.29766130       1.54329705      0.888000011    
        1488  -5.29424381       1.46602881      0.888000011    
        1490  -5.42987490      0.584631741      0.888000011    
        1492  -5.38884830      0.978433490      0.888000011    
        1494  -5.30906487       1.62513781      0.888000011    
        1496  -5.29643250       1.77851427      0.888000011    
        1498  -5.27235079       2.04243875      0.888000011    
        1500  -5.41440153       1.58428502      0.888000011    
        1502  -5.47033930       1.15842259      0.888000011    
        1504  -5.40437889      0.960910559      0.888000011    
        1506  -5.35477018       1.31752896      0.888000011    
        1508  -5.41511726      0.930565655      0.888000011    
        1510  -5.41154575      0.698108256      0.888000011    
        1512  -5.49829912      0.173935428      0.888000011    
        1514  -5.35541868      0.798791289      0.888000011    
        1516  -5.33357716      0.569418371      0.888000011    
        1518  -5.34452963      0.662125230      0.888000011    
        1520  -5.25909805      0.924544156      0.888000011    
        1522  -5.26651335      0.942953944      0.888000011    
        1524  -5.24525928       1.08770049      0.888000011    
        1526  -5.37782288      0.593122602      0.888000011    
        1528  -5.35318232      0.712963820      0.888000011    
        1530  -5.34999657      0.870762169      0.888000011    
        1532  -5.31134272       1.06198442      0.888000011    
        1534  -5.38373995      0.862153471      0.888000011    
        1536  -5.39606428      0.682329059      0.888000011    
        1538  -5.35177565      0.596695542      0.888000011    
        1540  -5.21334743       1.63369167      0.888000011    
        1542  -5.45934820      0.528330266      0.888000011    
        1544  -5.48938656      0.218167171      0.888000011    
        1546  -5.45770788      0.229153574      0.888000011    
        1548  -5.44284201      0.203752667      0.888000011    
        1550  -5.22174835       1.14861882      0.888000011    
        1552  -5.22530651       1.02329183      0.888000011    
        1554  -5.21194935       1.32480454      0.888000011    
        1556  -5.27002096       1.25031435      0.888000011    
        1558  -5.28490782       1.12867892      0.888000011    
        1560  -5.37376022      0.724348903      0.888000011    
        1562  -5.33504915      0.758529484      0.888000011    
        1564  -5.25477457       1.16995037      0.888000011    
        1566  -5.31975079      0.908339500      0.888000011    
        1568  -5.40944862      0.678572237      0.888000011    
        1570  -5.39662170      0.710110307      0.888000011    
        1572  -5.42949867      0.464798003      0.888000011    
        1574  -5.38418674      0.988048613      0.888000011    
        1576  -5.39414835      0.955515027      0.888000011    
        1578  -5.46432352      0.362052947      0.888000011    
        1580  -5.54375696      0.116943516      0.888000011    
        1582  -5.48952007      0.312319934      0.888000011    
        1584  -5.34005070       1.15427363      0.888000011    
        1586  -5.21424437       1.83346140      0.888000011    
        1588  -5.37628698       1.09822893      0.888000011    
        1590  -5.27889490       1.37927675      0.875999987    
        1592  -5.43926096      0.576601505      0.875999987    
        1594  -5.42947149      0.496072739      0.875999987    
        1596  -5.34680033      0.792174935      0.875999987    
        1598  -5.43704414      0.728955746      0.875999987    
        1600  -5.37293911      0.723469138      0.875999987    
        1602  -5.42118502      0.142724574      0.875999987    
        1604  -5.44806290      0.402472377      0.888000011    
        1606  -5.49932098      0.311131090      0.888000011    
        1608  -5.25281477       1.16828108      0.888000011    
        1610  -5.30011272      0.988119960      0.888000011    
        1612  -5.37052488      0.895859599      0.888000011    
        1614  -5.40824747      0.694460452      0.888000011    
        1616  -5.37090349      0.777267158      0.888000011    
        1618  -5.38781214      0.873245597      0.888000011    
        1620  -5.27014685       1.25342071      0.888000011    
        1622  -5.21512699       1.40754712      0.888000011    
        1624  -5.36634827      0.808129907      0.888000011    
        1626  -5.34757805       1.43531740      0.899999976    
        1628  -5.31007957       1.35085785      0.899999976    
        1630  -5.26836681       1.84408164      0.899999976    
        1632  -5.29123020       1.69436693      0.899999976    
        1634  -5.41891813      0.909358203      0.899999976    
        1636  -5.36757898       1.02191484      0.899999976    
        1638  -5.34472990       1.03543675      0.899999976    
        1640  -5.40738869      0.838808000      0.899999976    
        1642  -5.30003548       1.35055745      0.899999976    
        1644  -5.22592497       1.65572655      0.899999976    
        1646  -5.35824299       1.30236340      0.899999976    
        1648  -5.37383795       1.05643582      0.899999976    
        1650  -5.39692020      0.868859887      0.899999976    
        1652  -5.37555075      0.811793923      0.899999976    
        1654  -5.29040623       1.16352534      0.899999976    
        1656  -5.21287441       1.65996385      0.899999976    
        1658  -5.16952991       1.88924301      0.899999976    
        1660  -5.33750248      0.893110156      0.899999976    
        1662  -5.48917532      0.166695699      0.899999976    
        1664  -5.44338655      0.460255653      0.899999976    
        1666  -5.45154619      0.662028849      0.899999976    
        1668  -5.46196461      0.840440333      0.899999976    
        1670  -5.30218220       1.72096705      0.899999976    
        1672  -5.45154524      0.564115047      0.899999976    
        1674  -5.43384027      0.714035153      0.899999976    
        1676  -5.50070381      0.494954377      0.899999976    
        1678  -5.59533978     -0.161660492      0.899999976    
        1680  -5.55125046       7.68256932E-02  0.899999976    
        1682  -5.56780958      0.382397473      0.912000000    
        1684  -5.58736563      0.302131861      0.912000000    
        1686  -5.63434887       7.68545642E-02  0.912000000    
        1688  -5.51821280      0.245553017      0.912000000    
        1690  -5.41727829      0.843435585      0.912000000    
        1692  -5.41667843       1.07415497      0.912000000    
        1694  -5.40936947       1.08936465      0.912000000    
        1696  -5.50019264      0.526075721      0.912000000    
        1698  -5.31703854       1.60276854      0.912000000    
        1700  -5.29020309       1.67268395      0.912000000    
        1702  -5.12485695       2.48316836      0.912000000    
        1704  -5.24222803       1.82996523      0.912000000    
        1706  -5.22576952       1.74154556      0.912000000    
        1708  -5.39791203      0.635529935      0.912000000    
        1710  -5.42775965      0.792054772      0.912000000    
        1712  -5.51200247      0.345825255      0.912000000    
        1714  -5.35790873       1.10323071      0.912000000    
        1716  -5.39415646       1.05723989      0.912000000    
        1718  -5.47682714      0.655465484      0.899999976    
        1720  -5.51909161      0.582445800      0.899999976    
        1722  -5.51650476      0.790794909      0.899999976    
        1724  -5.48558187       1.18878543      0.899999976    
        1726  -5.50374269      0.813484490      0.899999976    
        1728  -5.53778172       1.01766467      0.912000000    
        1730  -5.47618055       1.16260898      0.912000000    
        1732  -5.39857101       1.37004709      0.912000000    
        1734  -5.42359447       1.27157772      0.912000000    
        1736  -5.42894125       1.67188370      0.912000000    
        1738  -5.47729349       1.36907113      0.912000000    
        1740  -5.62837648      0.718573272      0.912000000    
        1742  -5.51002455       1.11845982      0.912000000    
        1744  -5.58659935      0.710187018      0.912000000    
        1746  -5.53353596      0.727279782      0.912000000    
        1748  -5.48974991       1.04979849      0.912000000    
        1750  -5.45040417       1.21737218      0.912000000    
        1752  -5.59011936      0.599546671      0.912000000    
        1754  -5.58770418      0.290442646      0.912000000    
        1756  -5.57958221      0.527974606      0.912000000    
        1758  -5.48688507       1.10917222      0.912000000    
        1760  -5.42992306       1.31133366      0.912000000    
        1762  -5.48285723       1.21484494      0.912000000    
        1764  -5.33942366       1.61415398      0.912000000    
        1766  -5.36863565       1.31540382      0.912000000    
        1768  -5.51577139      0.655610740      0.912000000    
        1770  -5.46980190       1.03040719      0.912000000    
        1772  -5.50198841      0.999502361      0.912000000    
        1774  -5.45698881       1.18054676      0.912000000    
        1776  -5.33669519       2.00301909      0.912000000    
        1778  -5.41161919       1.33270502      0.912000000    
        1780  -5.42738485       1.29904807      0.912000000    
        1782  -5.51012421      0.790038407      0.912000000    
        1784  -5.36168575       1.53819180      0.912000000    
        1786  -5.43609238       1.41299331      0.912000000    
        1788  -5.42889786       1.22887170      0.912000000    
        1790  -5.45020819       1.04803193      0.912000000    
        1792  -5.35043955       2.04082537      0.912000000    
        1794  -5.41357803       1.64967787      0.912000000    
        1796  -5.29190683       2.27640319      0.912000000    
        1798  -5.18564081       2.52611589      0.912000000    
        1800  -5.44298840       1.30538177      0.912000000    
        1802  -5.33720112       1.74970949      0.912000000    
        1804  -5.34735918       1.47427559      0.912000000    
        1806  -5.50112247      0.589223444      0.912000000    
        1808  -5.36640978       1.06602430      0.912000000    
        1810  -5.34317207       1.38509858      0.912000000    
        1812  -5.42852640       1.16067648      0.912000000    
        1814  -5.48470736      0.566308737      0.912000000    
        1816  -5.36653185       1.07023430      0.912000000    
        1818  -5.30528545       1.40423954      0.912000000    
        1820  -5.36278343       1.41883123      0.912000000    
        1822  -5.29182720       1.59239781      0.912000000    
        1824  -5.47282839      0.802951097      0.912000000    
        1826  -5.39231920       1.28658664      0.912000000    
        1828  -5.47276354      0.833453417      0.912000000    
        1830  -5.45919752      0.668459237      0.912000000    
        1832  -5.42323160       1.01958561      0.912000000    
        1834  -5.34470510       1.21505618      0.912000000    
        1836  -5.48835373      0.692591965      0.912000000    
        1838  -5.42511606       1.11532581      0.912000000    
        1840  -5.48766947      0.971036196      0.912000000    
        1842  -5.46256495       1.23093021      0.912000000    
        1844  -5.55039454      0.563350618      0.912000000    
        1846  -5.54338932      0.967638612      0.912000000    
        1848  -5.53018045      0.854754090      0.912000000    
        1850  -5.51723576      0.786673367      0.912000000    
        1852  -5.41408491       1.60625553      0.912000000    
        1854  -5.42214775       1.67624271      0.912000000    
        1856  -5.65173960      0.329883039      0.912000000    
        1858  -5.63197565      0.331525445      0.912000000    
        1860  -5.55792332      0.631575942      0.912000000    
        1862  -5.49893379      0.975849628      0.912000000    
        1864  -5.44904661       1.46575546      0.912000000    
        1866  -5.60914421      0.493760854      0.912000000    
        1868  -5.53620720      0.858449101      0.912000000    
        1870  -5.40298605       1.58648396      0.912000000    
        1872  -5.49654818      0.980506063      0.912000000    
        1874  -5.51516867      0.922832310      0.912000000    
        1876  -5.45021200       1.09684086      0.912000000    
        1878  -5.40724754       1.25439918      0.912000000    
        1880  -5.51937866      0.750454783      0.912000000    
        1882  -5.49633121       1.29664052      0.912000000    
        1884  -5.46248722       1.57240522      0.912000000    
        1886  -5.59654284      0.895951033      0.912000000    
        1888  -5.59943771      0.878336430      0.912000000    
        1890  -5.52001572       1.35869062      0.912000000    
        1892  -5.60929203       1.20506811      0.924000025    
        1894  -5.48709059       1.79097462      0.924000025    
        1896  -5.56097031       1.48021865      0.924000025    
        1898  -5.37905359       2.20831990      0.924000025    
        1900  -5.38089514       2.49761796      0.924000025    
        1902  -5.47396803       1.91314590      0.924000025    
        1904  -5.56336594       1.49907744      0.924000025    
        1906  -5.56677628       1.55210030      0.924000025    
        1908  -5.64156771       1.14359725      0.924000025    
        1910  -5.54805803       1.49729884      0.924000025    
        1912  -5.66249704       1.10916758      0.924000025    
        1914  -5.57169533       1.85892785      0.924000025    
        1916  -5.40235424       2.42351842      0.924000025    
        1918  -5.43531275       2.35010099      0.924000025    
        1920  -5.52600479       1.83715522      0.924000025    
        1922  -5.58387995       1.59856868      0.924000025    
        1924  -5.48220968       2.00854349      0.924000025    
        1926  -5.60997725       1.38464236      0.924000025    
        1928  -5.50779009       1.75397289      0.924000025    
        1930  -5.50099945       1.63720810      0.924000025    
        1932  -5.53408337       1.49633431      0.924000025    
        1934  -5.46971273       1.89300692      0.924000025    
        1936  -5.44602728       2.30064893      0.924000025    
        1938  -5.46988010       2.09326935      0.924000025    
        1940  -5.42833233       2.48189306      0.924000025    
        1942  -5.46426392       1.92509031      0.924000025    
        1944  -5.50288677       1.90610802      0.924000025    
        1946  -5.57439661       1.22569227      0.924000025    
        1948  -5.55972815       1.34443140      0.924000025    
        1950  -5.44527006       2.02351165      0.924000025    
        1952  -5.33922386       2.70474529      0.924000025    
        1954  -5.50548220       1.62424457      0.924000025    
        1956  -5.48577547       1.70243597      0.924000025    
        1958  -5.28539085       2.66260290      0.924000025    
        1960  -5.51495743       1.45014322      0.924000025    
        1962  -5.41193867       1.90399325      0.924000025    
        1964  -5.49750948       1.30535638      0.924000025    
        1966  -5.53971291       1.27048385      0.924000025    
        1968  -5.64058590      0.729095101      0.924000025    
        1970  -5.52128506       1.29072309      0.924000025    
        1972  -5.51839685       1.36681330      0.924000025    
        1974  -5.52395058       1.18146503      0.924000025    
        1976  -5.66783905      0.481023282      0.924000025    
        1978  -5.73031187      0.237422019      0.924000025    
        1980  -5.67444086      0.551549792      0.924000025    
        1982  -5.75408792      -1.43224280E-03  0.924000025    
        1984  -5.68512058       1.93126742E-02  0.924000025    
        1986  -5.63459301      0.649990976      0.924000025    
        1988  -5.64096451      0.784557581      0.924000025    
        1990  -5.55414724       1.14473414      0.924000025    
        1992  -5.59698582      0.934309661      0.924000025    
        1994  -5.67650795      0.729965448      0.924000025    
        1996  -5.64505482      0.899181187      0.924000025    
        1998  -5.58229113       1.00575328      0.924000025    
        2000  -5.60438871      0.667183399      0.924000025    
