           2  -4.47351313      -2.73704380E-02  0.695999980    
           4  -4.61101055     -0.148176223      0.695999980    
           6  -4.53614855     -0.164129511      0.695999980    
           8  -4.56371737     -0.419537455      0.695999980    
          10  -4.51078081     -0.214394033      0.695999980    
          12  -4.71337128     -0.792176843      0.708000004    
          14  -4.52204752      -9.23366472E-02  0.708000004    
          16  -4.55931473     -0.500954092      0.708000004    
          18  -4.46260357     -0.269809216      0.708000004    
          20  -4.61755514     -0.383919984      0.708000004    
          22  -4.52741575      0.122456320      0.695999980    
          24  -4.52980900      0.234448120      0.695999980    
          26  -4.54236603      0.378575295      0.720000029    
          28  -4.62561893      0.441098392      0.720000029    
          30  -4.75310946      -9.74737015E-03  0.720000029    
          32  -4.69177485      0.175994620      0.720000029    
          34  -4.57252550      0.159836575      0.720000029    
          36  -4.49824810       7.27520660E-02  0.695999980    
          38  -4.39326334      0.290396780      0.695999980    
          40  -4.45151424      0.176744491      0.695999980    
          42  -4.45577526      0.334668934      0.708000004    
          44  -4.47967625      0.114832856      0.708000004    
          46  -4.44345236       9.83582735E-02  0.708000004    
          48  -4.54987431      -7.94135779E-02  0.708000004    
          50  -4.55057192     -0.102046594      0.695999980    
          52  -4.61740875     -0.241804332      0.695999980    
          54  -4.67338228     -0.343268752      0.695999980    
          56  -4.67448759       2.19569225E-02  0.695999980    
          58  -4.64212656      -7.52120418E-03  0.695999980    
          60  -4.64304686      0.150630891      0.695999980    
          62  -4.47674561       1.24411583      0.708000004    
          64  -4.62755346      0.297757000      0.708000004    
          66  -4.65569592      0.400149673      0.708000004    
          68  -4.52648640      0.765201032      0.708000004    
          70  -4.58828497      0.741863847      0.708000004    
          72  -4.66741610       5.15129603E-02  0.708000004    
          74  -4.58631516      0.218908861      0.708000004    
          76  -4.66622782      -1.53382998E-02  0.708000004    
          78  -4.77150774     -0.535357356      0.708000004    
          80  -4.61837006       9.57443267E-02  0.695999980    
          82  -4.46962690      0.543509364      0.708000004    
          84  -4.58802509     -0.306206793      0.695999980    
          86  -4.52469063      0.122377381      0.695999980    
          88  -4.74853849     -0.285410434      0.695999980    
          90  -4.67712402      0.402612209      0.708000004    
          92  -4.52921247       1.13749063      0.708000004    
          94  -4.78163624      0.654155791      0.720000029    
          96  -4.84483290      0.271929473      0.720000029    
          98  -4.92354298      -2.01343540E-02  0.720000029    
         100  -4.80924940      0.338719457      0.720000029    
         102  -4.76395178      0.761908114      0.744000018    
         104  -4.76173353      0.815509617      0.744000018    
         106  -4.84897327      0.523834288      0.755999982    
         108  -4.88250780      0.506509781      0.744000018    
         110  -4.90983534      0.245905474      0.744000018    
         112  -4.83547258      0.615162730      0.744000018    
         114  -4.84845829      0.641142368      0.744000018    
         116  -4.77216291       1.10198319      0.755999982    
         118  -4.95763779      0.252133429      0.755999982    
         120  -4.93627691      0.537193537      0.755999982    
         122  -4.95427704      0.230517998      0.755999982    
         124  -4.99311304     -0.307325810      0.744000018    
         126  -4.95624304     -0.164327279      0.744000018    
         128  -5.09348869     -0.100850821      0.744000018    
         130  -5.00968170       1.52694620E-02  0.744000018    
         132  -5.02226448      -1.22207031E-02  0.744000018    
         134  -4.83406878      0.592712581      0.744000018    
         136  -4.93027639      0.230800629      0.744000018    
         138  -4.91906881      -8.06803182E-02  0.731999993    
         140  -4.86697388       3.06179840E-02  0.744000018    
         142  -5.06447029     -0.682507932      0.731999993    
         144  -4.94406700       4.58579510E-02  0.731999993    
         146  -4.95013952     -0.146675095      0.720000029    
         148  -4.78792763      0.513688087      0.720000029    
         150  -4.80651903      0.502226174      0.720000029    
         152  -4.88165808      0.127929091      0.731999993    
         154  -4.90533161      0.302876711      0.731999993    
         156  -4.86336231      0.249074578      0.731999993    
         158  -4.98684835     -0.142455742      0.731999993    
         160  -4.95832253     -0.402624667      0.744000018    
         162  -4.94683456     -0.353206426      0.755999982    
         164  -4.81153679      0.236486822      0.744000018    
         166  -4.80112648      0.354947209      0.755999982    
         168  -5.00200653     -0.421139747      0.755999982    
         170  -4.82018137      0.261838108      0.755999982    
         172  -4.80898714      0.322751403      0.768000007    
         174  -4.86015654       6.90001249E-02  0.768000007    
         176  -4.97822809     -0.864604294      0.768000007    
         178  -4.90102720     -0.618404746      0.768000007    
         180  -4.75185633      -4.22912724E-02  0.768000007    
         182  -4.72340870       1.62203833E-02  0.768000007    
         184  -4.70840931      0.343261003      0.779999971    
         186  -4.76231241      0.385750294      0.779999971    
         188  -4.85588408      0.128295064      0.779999971    
         190  -4.79540014      0.570465207      0.779999971    
         192  -4.76262617      0.905239284      0.779999971    
         194  -4.88374138      0.496121198      0.779999971    
         196  -4.77332258      0.987242043      0.768000007    
         198  -4.78197193      0.825128675      0.768000007    
         200  -4.77110815      0.783936203      0.768000007    
         202  -4.89741659     -0.348880380      0.768000007    
         204  -4.92092896     -0.242247701      0.768000007    
         206  -4.76917219      0.582846522      0.768000007    
         208  -4.88477564       2.08991137E-03  0.768000007    
         210  -4.80166006      0.322943836      0.768000007    
         212  -4.70778894      0.758530676      0.768000007    
         214  -4.78247070      0.316283613      0.768000007    
         216  -4.88509130      -8.40099230E-02  0.768000007    
         218  -4.94214439     -0.152775913      0.768000007    
         220  -4.80514097      0.876481950      0.768000007    
         222  -4.93983269      0.589565694      0.768000007    
         224  -4.84350395      0.619544744      0.768000007    
         226  -4.84941196      0.160955235      0.768000007    
         228  -4.90910196     -0.102915905      0.768000007    
         230  -4.89083195      -4.51410338E-02  0.768000007    
         232  -4.92554951     -0.291632563      0.768000007    
         234  -4.90105343      -8.94027725E-02  0.768000007    
         236  -4.92885208      0.282600939      0.768000007    
         238  -4.96119595      0.297019035      0.768000007    
         240  -4.93083906      0.529778421      0.779999971    
         242  -4.96281862      0.473385185      0.779999971    
         244  -4.98865271      0.272730470      0.779999971    
         246  -5.07464504      0.157259315      0.779999971    
         248  -5.06202650      0.173416018      0.779999971    
         250  -5.01507235      -7.45646730E-02  0.779999971    
         252  -5.03005886     -0.467697233      0.779999971    
         254  -4.99618673      -3.67153250E-02  0.779999971    
         256  -4.97011614     -0.207068294      0.779999971    
         258  -5.02458286     -0.297074050      0.779999971    
         260  -4.97771883     -0.161494806      0.791999996    
         262  -4.86484480      0.408650756      0.791999996    
         264  -4.92663431      -5.87178059E-02  0.791999996    
         266  -4.95466328      -8.35824385E-02  0.791999996    
         268  -4.90922880     -0.208635896      0.791999996    
         270  -4.86679745     -0.599717975      0.791999996    
         272  -4.97133017     -0.720372438      0.791999996    
         274  -4.75412464      0.255375326      0.791999996    
         276  -4.87853527     -0.600528717      0.791999996    
         278  -4.87554169     -0.684313953      0.791999996    
         280  -4.82096577     -0.412198514      0.791999996    
         282  -4.87062407     -0.676037788      0.791999996    
         284  -4.83306408      -9.88030285E-02  0.779999971    
         286  -4.89960575     -0.192994580      0.779999971    
         288  -4.90258837     -0.288078517      0.779999971    
         290  -4.84337807      0.114564009      0.779999971    
         292  -4.77921009      0.732157648      0.768000007    
         294  -4.79978275      0.427282035      0.755999982    
         296  -4.83797455     -0.247925550      0.755999982    
         298  -4.74642086      0.140720844      0.755999982    
         300  -4.82356310       4.21571620E-02  0.755999982    
         302  -4.63461494      0.525348425      0.744000018    
         304  -4.71660137      0.131788924      0.744000018    
         306  -4.65610361      0.152600631      0.744000018    
         308  -4.55803347      0.727131009      0.731999993    
         310  -4.54271650      0.766355574      0.731999993    
         312  -4.61327887      0.552605271      0.731999993    
         314  -4.56847525      0.969121099      0.744000018    
         316  -4.64377451      0.738607228      0.744000018    
         318  -4.55003643       1.12093902      0.744000018    
         320  -4.65307474      0.484023899      0.744000018    
         322  -4.73695612       9.79334787E-02  0.755999982    
         324  -4.74847507      0.207879946      0.755999982    
         326  -4.87955141      -5.90215810E-02  0.768000007    
         328  -4.84902716      0.114186816      0.768000007    
         330  -4.84326220      0.222437665      0.768000007    
         332  -4.87499428       4.14721407E-02  0.768000007    
         334  -4.88661051      0.379986882      0.779999971    
         336  -4.90412903      0.385598004      0.779999971    
         338  -4.94844007       7.71553665E-02  0.779999971    
         340  -4.91389942      0.204500556      0.779999971    
         342  -4.89431620     -0.118632965      0.779999971    
         344  -4.80730534     -0.198068455      0.779999971    
         346  -4.77974319      0.321611285      0.779999971    
         348  -4.86297464      0.213757455      0.779999971    
         350  -4.88985538      0.196017995      0.779999971    
         352  -5.01444626     -0.472286761      0.779999971    
         354  -4.99852228      -2.05533998E-03  0.779999971    
         356  -4.89044666      0.442182064      0.779999971    
         358  -4.98481846       1.18992282E-02  0.779999971    
         360  -4.92417574     -0.111499295      0.779999971    
         362  -4.96403646      0.112334467      0.779999971    
         364  -4.95045042      0.357523710      0.779999971    
         366  -4.83386135      0.915278792      0.779999971    
         368  -4.86876869      0.746398032      0.779999971    
         370  -5.01798296      -1.16461702E-03  0.779999971    
         372  -5.00340033      0.157661766      0.779999971    
         374  -4.90868044      0.491104126      0.779999971    
         376  -4.97169304      -6.74031898E-02  0.779999971    
         378  -4.88155794      0.225543365      0.779999971    
         380  -4.97916651      0.148167387      0.779999971    
         382  -4.96150780     -0.243359998      0.779999971    
         384  -4.82524061      0.566478610      0.779999971    
         386  -4.82497644      0.425290942      0.768000007    
         388  -4.86139536      0.361461520      0.768000007    
         390  -4.90250635     -0.145014256      0.768000007    
         392  -4.85162735      0.324034184      0.768000007    
         394  -4.80808258      0.240643010      0.779999971    
         396  -4.78704929      0.389297068      0.779999971    
         398  -4.79123306      0.410319448      0.768000007    
         400  -4.63769245      0.951204956      0.768000007    
         402  -4.64408207      0.799383402      0.779999971    
         404  -4.68764734      0.171259597      0.779999971    
         406  -4.83688354     -0.319915593      0.779999971    
         408  -4.76494408      0.507050931      0.791999996    
         410  -4.85111666      0.237766296      0.791999996    
         412  -4.97984266     -0.204408616      0.791999996    
         414  -4.87647057      0.390353501      0.791999996    
         416  -4.98387575     -0.432397425      0.779999971    
         418  -4.96106339      -1.55060422E-02  0.779999971    
         420  -4.99212456     -0.326938659      0.779999971    
         422  -4.88355255     -0.193299934      0.779999971    
         424  -4.97914219     -0.506093979      0.779999971    
         426  -4.95339537     -0.530344784      0.779999971    
         428  -4.89433336      0.242773592      0.779999971    
         430  -5.00192261     -0.566609442      0.779999971    
         432  -4.85270262     -0.158095434      0.779999971    
         434  -4.85258579      0.189221606      0.779999971    
         436  -4.85556412     -0.110377155      0.779999971    
         438  -4.94917345     -0.405373871      0.779999971    
         440  -4.90283632     -0.387336016      0.768000007    
         442  -4.93464661     -0.166181237      0.768000007    
         444  -4.83430195      0.555626452      0.779999971    
         446  -4.85911894      0.213884249      0.779999971    
         448  -4.97578907     -0.162991568      0.779999971    
         450  -4.90011454      0.406366169      0.779999971    
         452  -4.75761795      0.804628551      0.768000007    
         454  -4.77808189      0.514587998      0.768000007    
         456  -4.74151659      0.468077987      0.768000007    
         458  -4.74508333      0.452602178      0.768000007    
         460  -4.61532497      0.948636413      0.755999982    
         462  -4.76269579      0.189816549      0.755999982    
         464  -4.92878914     -0.498876929      0.744000018    
         466  -4.89286375     -0.591147065      0.744000018    
         468  -4.73752403      0.548130870      0.744000018    
         470  -4.96535015     -0.397277027      0.744000018    
         472  -4.95965576     -0.625557303      0.744000018    
         474  -4.93882036     -0.361153513      0.744000018    
         476  -4.89310694     -0.177521095      0.744000018    
         478  -4.84796524       5.93915138E-05  0.744000018    
         480  -4.95136976     -0.221202046      0.744000018    
         482  -5.00723362     -0.533376634      0.755999982    
         484  -4.91026354     -0.168994978      0.768000007    
         486  -4.72051239      0.384912431      0.768000007    
         488  -4.75485992       2.94129588E-02  0.768000007    
         490  -4.71493864      0.136081979      0.768000007    
         492  -4.76136446      0.242054433      0.768000007    
         494  -4.73859692      0.303447127      0.755999982    
         496  -4.79062319       9.58356336E-02  0.755999982    
         498  -4.70945787      0.545014262      0.755999982    
         500  -4.74944448      0.472323626      0.755999982    
         502  -4.88003111     -0.211828664      0.755999982    
         504  -4.83460474      0.434537649      0.768000007    
         506  -4.83896446      0.240161061      0.768000007    
         508  -4.82262564      0.288089484      0.768000007    
         510  -4.93612051      -9.49547514E-02  0.768000007    
         512  -4.87879372      0.129754812      0.768000007    
         514  -4.77861547      0.299513489      0.768000007    
         516  -4.68086624      0.985698164      0.768000007    
         518  -4.76349640      0.635393918      0.768000007    
         520  -4.77260303      0.520235717      0.768000007    
         522  -4.83229113      0.531958044      0.779999971    
         524  -4.76781082      0.737284720      0.779999971    
         526  -4.88064480      0.154774651      0.791999996    
         528  -4.99831057       8.73570591E-02  0.791999996    
         530  -4.97955418      0.139914185      0.791999996    
         532  -5.07871342     -0.196060076      0.804000020    
         534  -5.10250759     -0.105903380      0.804000020    
         536  -5.04839897     -0.255566061      0.804000020    
         538  -5.14518642     -0.450148404      0.804000020    
         540  -5.04671812      0.100900255      0.804000020    
         542  -5.01286268      0.230371669      0.804000020    
         544  -4.94021988      0.529490769      0.804000020    
         546  -4.89699173      0.576692104      0.804000020    
         548  -5.12758780      -9.11277086E-02  0.815999985    
         550  -5.10549212       1.63566265E-02  0.815999985    
         552  -5.09856176      0.361574680      0.815999985    
         554  -4.88851166       1.23746669      0.815999985    
         556  -5.01229239      0.687628627      0.815999985    
         558  -5.07084179      0.254889786      0.804000020    
         560  -4.99964714      0.305061638      0.804000020    
         562  -4.95438290      0.665388644      0.804000020    
         564  -5.06748247      0.297753483      0.804000020    
         566  -5.04538345      0.591099203      0.804000020    
         568  -5.04450989      0.211015001      0.804000020    
         570  -5.04586172      0.180540130      0.804000020    
         572  -5.07327271      0.365980864      0.804000020    
         574  -5.06275320      0.639526963      0.804000020    
         576  -4.86488342       1.51772034      0.791999996    
         578  -4.92868662       1.36281180      0.804000020    
         580  -5.01815605      0.690409720      0.804000020    
         582  -5.02412939      0.813907981      0.804000020    
         584  -4.96940184      0.717029929      0.791999996    
         586  -5.05157042      0.451385796      0.791999996    
         588  -5.14436293      0.112721704      0.791999996    
         590  -5.02222538      0.769664526      0.791999996    
         592  -5.10005379      0.175399452      0.791999996    
         594  -5.00346088      0.398662090      0.791999996    
         596  -4.98802042      0.976661086      0.791999996    
         598  -5.12757969      -2.42346823E-02  0.791999996    
         600  -4.99311781       1.08145559      0.804000020    
         602  -5.13491249      0.196728200      0.791999996    
         604  -5.02110052      0.388419658      0.791999996    
         606  -5.05167389      0.565774798      0.791999996    
         608  -4.94218254      0.711240888      0.791999996    
         610  -5.03398752      0.222660199      0.791999996    
         612  -5.00291395      0.246340275      0.791999996    
         614  -4.87423182       1.07802987      0.791999996    
         616  -5.03997374      0.584191918      0.804000020    
         618  -5.00855255      0.779264629      0.804000020    
         620  -5.01141357       1.19648731      0.804000020    
         622  -4.98933029      0.711871743      0.791999996    
         624  -4.91719198       1.08431888      0.791999996    
         626  -5.09684229     -0.128675282      0.791999996    
         628  -4.93482256      0.530660570      0.791999996    
         630  -4.88636589       1.15378869      0.791999996    
         632  -5.10235691      0.140013039      0.791999996    
         634  -5.02840519      0.445482016      0.779999971    
         636  -5.03498220      0.351188213      0.779999971    
         638  -5.07880688      0.390305847      0.779999971    
         640  -5.10871983      0.184453979      0.768000007    
         642  -5.06029415      0.522245944      0.768000007    
         644  -5.04256630      0.616150677      0.768000007    
         646  -4.85776997       1.33923459      0.768000007    
         648  -4.93517160      0.782193244      0.768000007    
         650  -5.04645824      0.911131799      0.779999971    
         652  -5.06827354      0.398438305      0.779999971    
         654  -5.22936058     -0.267213106      0.779999971    
         656  -5.02728939      0.604667246      0.791999996    
         658  -4.99725437      0.989347458      0.791999996    
         660  -5.04691029      0.651987314      0.791999996    
         662  -4.99033642      0.970975161      0.791999996    
         664  -4.99041986      0.821973920      0.791999996    
         666  -5.05834484      0.464335650      0.791999996    
         668  -5.11727810       6.33393079E-02  0.791999996    
         670  -5.10057974      -2.35452540E-02  0.791999996    
         672  -5.02863312      0.169729546      0.791999996    
         674  -5.04622507      0.249400616      0.791999996    
         676  -4.97113609      0.683221161      0.791999996    
         678  -5.03473473      0.775837839      0.804000020    
         680  -5.22608089      0.247249514      0.804000020    
         682  -5.08488369      0.695652485      0.804000020    
         684  -5.09067631      0.447582662      0.804000020    
         686  -5.11436129      0.714217424      0.804000020    
         688  -5.13910007      0.514008224      0.804000020    
         690  -5.06203413      0.542401493      0.804000020    
         692  -5.06104517      0.425918758      0.804000020    
         694  -4.97594500      0.357892960      0.791999996    
         696  -4.79870081       1.11328256      0.791999996    
         698  -4.86938810       1.37917840      0.791999996    
         700  -4.77566624       1.16750956      0.791999996    
         702  -5.04539299       9.12470818E-02  0.791999996    
         704  -4.91792107      0.992658734      0.791999996    
         706  -5.07046032      0.403137922      0.791999996    
         708  -5.05044413      0.237513095      0.791999996    
         710  -4.89925146       1.14586532      0.791999996    
         712  -4.95128679      0.396931201      0.791999996    
         714  -4.86268520      0.846547484      0.804000020    
         716  -4.98059177      0.449390143      0.804000020    
         718  -5.00068045      0.240532696      0.804000020    
         720  -5.09759283     -0.318667471      0.804000020    
         722  -5.03724384      -6.46017417E-02  0.804000020    
         724  -5.01331377      0.148264199      0.804000020    
         726  -4.92304993      0.709432423      0.804000020    
         728  -4.90179682      0.548450232      0.804000020    
         730  -4.92026615      0.518478334      0.804000020    
         732  -4.96302843      0.223601580      0.804000020    
         734  -4.93667746      0.628422618      0.804000020    
         736  -4.98649883      0.395074606      0.804000020    
         738  -4.95529079      0.482590377      0.804000020    
         740  -4.87027073       1.01029456      0.804000020    
         742  -4.83162832       1.02062142      0.804000020    
         744  -4.85862589      0.678579569      0.804000020    
         746  -4.73328876       1.57284987      0.804000020    
         748  -4.87100601      0.618801653      0.804000020    
         750  -4.70317745       1.32289922      0.804000020    
         752  -4.84451914      0.641646147      0.791999996    
         754  -4.78395271      0.910777211      0.779999971    
         756  -4.80405188      0.688486814      0.779999971    
         758  -4.91812468     -0.162702680      0.779999971    
         760  -4.93033171     -0.316274107      0.779999971    
         762  -4.77638149      0.672235966      0.779999971    
         764  -4.89700079      0.571423113      0.791999996    
         766  -4.94673252      0.115584187      0.791999996    
         768  -4.90803242      0.368517846      0.791999996    
         770  -4.90483379      0.625921607      0.791999996    
         772  -5.03528786     -0.426585913      0.791999996    
         774  -4.91910172      0.855245054      0.791999996    
         776  -5.00419044      0.581333637      0.791999996    
         778  -5.02764225      0.555393934      0.791999996    
         780  -5.08741856       5.46953008E-02  0.791999996    
         782  -4.96356916      0.332401305      0.791999996    
         784  -4.91870642      0.359235197      0.779999971    
         786  -4.95889091      0.359789252      0.779999971    
         788  -4.94467449      0.588560820      0.779999971    
         790  -4.89201880      0.462878108      0.779999971    
         792  -4.84516382      0.278739929      0.779999971    
         794  -4.80027771      0.652912676      0.779999971    
         796  -4.84100056      0.336680532      0.779999971    
         798  -4.81282139      0.254491568      0.779999971    
         800  -4.88525867      -5.38328253E-02  0.779999971    
         802  -4.87720871      0.147909150      0.779999971    
         804  -4.96937037     -0.330990523      0.779999971    
         806  -4.87956190     -0.388676733      0.768000007    
         808  -4.87527561     -0.447949469      0.768000007    
         810  -4.91995478     -0.525115609      0.768000007    
         812  -4.79940939      -6.45678118E-02  0.768000007    
         814  -4.90878487      -6.15154319E-02  0.768000007    
         816  -4.80554533     -0.486826926      0.755999982    
         818  -4.78865147     -0.418382168      0.755999982    
         820  -4.68807125     -0.156888574      0.755999982    
         822  -4.75373840     -0.376502097      0.755999982    
         824  -4.81038189     -0.393551648      0.755999982    
         826  -4.69857264      0.378700227      0.755999982    
         828  -4.64489031      0.628852725      0.755999982    
         830  -4.63079786      0.369970173      0.755999982    
         832  -4.66765928      0.717236221      0.755999982    
         834  -4.57120848      0.786994398      0.731999993    
         836  -4.66352844      0.604984403      0.720000029    
         838  -4.71033430      0.615449071      0.720000029    
         840  -4.79140091      -8.01014677E-02  0.720000029    
         842  -4.75215054      0.346859396      0.731999993    
         844  -4.70380640      0.280262500      0.731999993    
         846  -4.72777891      0.136949912      0.731999993    
         848  -4.71894264       8.66213515E-02  0.744000018    
         850  -4.82530737     -0.593538582      0.744000018    
         852  -4.69341898      -2.94181388E-02  0.744000018    
         854  -4.75327015     -0.313175887      0.744000018    
         856  -4.88913298     -0.688745797      0.744000018    
         858  -4.82033300     -0.472227871      0.744000018    
         860  -4.81801271     -0.587090850      0.744000018    
         862  -4.85629416     -0.136271119      0.744000018    
         864  -4.91214609     -0.682280183      0.744000018    
         866  -4.79478359      -6.07007891E-02  0.744000018    
         868  -4.83451366     -0.255109221      0.744000018    
         870  -4.79913092     -0.300938070      0.744000018    
         872  -4.83267689     -0.395841628      0.744000018    
         874  -4.92714262     -0.500711024      0.744000018    
         876  -4.81079149     -0.282649100      0.731999993    
         878  -4.78345776      -7.43843019E-02  0.731999993    
         880  -4.71941805      -1.98741769E-03  0.731999993    
         882  -4.71139193     -0.181695983      0.731999993    
         884  -4.70226908      -4.42798696E-02  0.731999993    
         886  -4.85751629     -0.791696846      0.731999993    
         888  -4.73162127     -0.233461425      0.731999993    
         890  -4.72818327     -0.485871613      0.731999993    
         892  -4.66076994     -0.131540701      0.744000018    
         894  -4.68103981     -0.166166171      0.744000018    
         896  -4.71993828      -6.00262210E-02  0.744000018    
         898  -4.75726986     -0.180523485      0.744000018    
         900  -4.54656649       1.03123295      0.744000018    
         902  -4.73389578       8.07529315E-02  0.744000018    
         904  -4.80011559     -0.530019462      0.744000018    
         906  -4.78704166     -0.292432219      0.744000018    
         908  -4.63874102      0.324427336      0.744000018    
         910  -4.55963564      0.547290623      0.744000018    
         912  -4.74230051     -0.512001693      0.731999993    
         914  -4.73660755     -0.392118424      0.731999993    
         916  -4.78499174     -0.329968274      0.731999993    
         918  -4.73312855      -9.13673043E-02  0.731999993    
         920  -4.70759106     -0.347714543      0.731999993    
         922  -4.69198608     -0.197516724      0.731999993    
         924  -4.62060308      0.260935038      0.731999993    
         926  -4.62385178      0.473810732      0.731999993    
         928  -4.59349298      0.318917722      0.731999993    
         930  -4.58856964      0.343431979      0.731999993    
         932  -4.70194530     -0.399447232      0.731999993    
         934  -4.53648329      0.110091336      0.720000029    
         936  -4.65965128     -0.604956210      0.720000029    
         938  -4.70827913     -0.491500616      0.731999993    
         940  -4.65259552     -0.105510488      0.731999993    
         942  -4.67214966     -0.412292540      0.720000029    
         944  -4.53311491      0.250366986      0.720000029    
         946  -4.66327143     -0.178525552      0.720000029    
         948  -4.47764826      0.162027970      0.720000029    
         950  -4.45907307       5.25234528E-02  0.720000029    
         952  -4.57456636     -0.151601091      0.720000029    
         954  -4.53730297       2.47870926E-02  0.708000004    
         956  -4.67108583     -0.524280906      0.695999980    
         958  -4.58360004      -1.73423197E-02  0.708000004    
         960  -4.65677500     -0.201911852      0.708000004    
         962  -4.74282932     -0.479830891      0.708000004    
         964  -4.69155645      -3.34703289E-02  0.720000029    
         966  -4.61188698      0.177033231      0.720000029    
         968  -4.60034704     -0.344359487      0.708000004    
         970  -4.53246546       7.45887905E-02  0.708000004    
         972  -4.47043276      0.318698406      0.708000004    
         974  -4.66313124     -0.560938656      0.708000004    
         976  -4.69768476     -0.577903748      0.708000004    
         978  -4.55365849     -0.480957329      0.708000004    
         980  -4.43866777      0.161290586      0.708000004    
         982  -4.32063818      0.372117877      0.708000004    
         984  -4.46792269      0.120015107      0.720000029    
         986  -4.51309156     -0.446952462      0.720000029    
         988  -4.43160391      0.144806147      0.720000029    
         990  -4.23838043      0.856175900      0.720000029    
         992  -4.27531290      0.696186602      0.720000029    
         994  -4.44362545     -0.363726407      0.708000004    
         996  -4.37831879       2.99301930E-02  0.708000004    
         998  -4.25735283      0.229422048      0.695999980    
        1000  -4.27749062     -0.269744188      0.695999980    
        1002  -4.20132875       1.47859221E-02  0.695999980    
        1004  -4.31590939     -0.353863060      0.695999980    
        1006  -4.28148842     -0.515571356      0.695999980    
        1008  -4.34604502     -0.602788210      0.695999980    
        1010  -4.31824446     -0.319131196      0.695999980    
        1012  -4.39764881     -0.544044852      0.695999980    
        1014  -4.30300236     -0.473947883      0.695999980    
        1016  -4.34332132     -0.339801639      0.695999980    
        1018  -4.26796579     -0.293596715      0.695999980    
        1020  -4.41204453     -0.681931198      0.708000004    
        1022  -4.33729887     -0.185884103      0.708000004    
        1024  -4.34887266      -8.02762434E-02  0.708000004    
        1026  -4.44074583     -0.603715599      0.708000004    
        1028  -4.32658529      -8.84995889E-03  0.708000004    
        1030  -4.41361189     -0.665361524      0.695999980    
        1032  -4.30645990     -0.195206448      0.695999980    
        1034  -4.42954588      -1.04348230      0.695999980    
        1036  -4.37379169     -0.612080574      0.695999980    
        1038  -4.26448822     -0.115746111      0.695999980    
        1040  -4.12573195      0.264744759      0.695999980    
        1042  -4.37475014     -0.764266968      0.684000015    
        1044  -4.42376089      -1.10758090      0.684000015    
        1046  -4.35500908     -0.391577691      0.684000015    
        1048  -4.27438164     -0.282133371      0.684000015    
        1050  -4.31369114     -0.469892949      0.684000015    
        1052  -4.44111586      -1.42408752      0.684000015    
        1054  -4.43521881      -1.16980946      0.684000015    
        1056  -4.41375971     -0.780613959      0.684000015    
        1058  -4.36958551     -0.862737834      0.684000015    
        1060  -4.40438604     -0.646621466      0.695999980    
        1062  -4.31106710      -6.66857064E-02  0.695999980    
        1064  -4.33013725     -0.308067411      0.695999980    
        1066  -4.40880966      -9.34140459E-02  0.708000004    
        1068  -4.36993885      -1.55301459E-04  0.708000004    
        1070  -4.29128218      0.446345657      0.708000004    
        1072  -4.20439339      0.277927995      0.684000015    
        1074  -4.31696987      -6.50858209E-02  0.684000015    
        1076  -4.30449295     -0.540785670      0.660000026    
        1078  -4.09035110      0.150880232      0.660000026    
        1080  -4.07870150      0.559098065      0.671999991    
        1082  -4.31447887     -0.476150542      0.671999991    
        1084  -4.26456118     -0.297915429      0.684000015    
        1086  -4.22016048     -0.292040855      0.684000015    
        1088  -4.21577835      -9.49257016E-02  0.684000015    
        1090  -4.16834879     -0.169630870      0.684000015    
        1092  -4.13768005     -0.201170474      0.671999991    
        1094  -4.15403080     -0.203511462      0.671999991    
        1096  -4.14836407     -0.275232971      0.671999991    
        1098  -4.25291586     -0.443090022      0.671999991    
        1100  -4.13293171     -0.659240484      0.660000026    
        1102  -3.97281432     -0.120073587      0.648000002    
        1104  -4.01030493     -0.662251890      0.635999978    
        1106  -4.07725191     -0.875815094      0.635999978    
        1108  -4.00301456     -0.529734433      0.635999978    
        1110  -4.00758600       5.23965918E-02  0.624000013    
        1112  -4.28999233     -0.851222098      0.624000013    
        1114  -4.23387909     -0.576852024      0.635999978    
        1116  -4.11433935     -0.502313375      0.635999978    
        1118  -4.14369345     -0.532136023      0.635999978    
        1120  -4.18090725     -0.349296093      0.660000026    
        1122  -4.15947628      -9.09951702E-02  0.660000026    
        1124  -4.11872244     -0.162460521      0.660000026    
        1126  -4.15799332     -0.235722303      0.660000026    
        1128  -4.18958282     -0.378449172      0.660000026    
        1130  -4.17404270     -0.441264659      0.660000026    
        1132  -4.11141920     -0.193696618      0.660000026    
        1134  -4.16815424     -0.227886766      0.660000026    
        1136  -4.23273849     -0.206412271      0.660000026    
        1138  -3.96825695      0.881031573      0.660000026    
        1140  -4.15121746      0.199271649      0.660000026    
        1142  -4.32383776      -9.56531316E-02  0.660000026    
        1144  -4.33702326     -0.123364381      0.660000026    
        1146  -4.34474468     -0.249402374      0.660000026    
        1148  -4.40477896     -0.347388268      0.660000026    
        1150  -4.44085884     -0.653277159      0.671999991    
        1152  -4.58382940     -0.921094537      0.671999991    
        1154  -4.51978302     -0.586483657      0.671999991    
        1156  -4.65597773     -0.921564341      0.684000015    
        1158  -4.62408400     -0.853431344      0.684000015    
        1160  -4.67782450     -0.973008513      0.684000015    
        1162  -4.66512251     -0.656566858      0.684000015    
        1164  -4.54358101     -0.282193542      0.684000015    
        1166  -4.65304422     -0.692691743      0.684000015    
        1168  -4.48328686     -0.280245095      0.684000015    
        1170  -4.54464197     -0.598872840      0.684000015    
        1172  -4.59868765     -0.677499652      0.684000015    
        1174  -4.47018909      -6.01534694E-02  0.684000015    
        1176  -4.53996181     -0.211180046      0.684000015    
        1178  -4.48984146      -6.61332533E-02  0.684000015    
        1180  -4.48006487      0.224919796      0.684000015    
        1182  -4.43704224      0.362104893      0.684000015    
        1184  -4.39569712      0.664050162      0.695999980    
        1186  -4.33720303      0.827412307      0.695999980    
        1188  -4.47194099      0.136255756      0.684000015    
        1190  -4.38275909      0.518122554      0.660000026    
        1192  -4.36902380      0.593111992      0.660000026    
        1194  -4.33595228      0.359507650      0.660000026    
        1196  -4.41688347     -0.217613682      0.660000026    
        1198  -4.30695009      -5.95328398E-02  0.660000026    
        1200  -4.28946400      0.200033888      0.648000002    
        1202  -4.18198442      0.366446525      0.635999978    
        1204  -4.21471262     -0.184853926      0.648000002    
        1206  -4.17848778       6.32023439E-02  0.648000002    
        1208  -4.30585241     -0.400657982      0.635999978    
        1210  -4.13838005      -4.54135035E-04  0.635999978    
        1212  -4.05996275      0.438765407      0.635999978    
        1214  -4.10963106      -8.80907848E-02  0.635999978    
        1216  -4.12132549      0.205225438      0.624000013    
        1218  -4.18639231       3.53018790E-02  0.635999978    
        1220  -4.15233612      -9.09470767E-02  0.648000002    
        1222  -4.24685144     -0.226561904      0.635999978    
        1224  -4.29917336     -0.478615761      0.635999978    
        1226  -4.25056362       7.90712014E-02  0.635999978    
        1228  -4.28683805     -0.709972620      0.624000013    
        1230  -4.24866152     -0.468139857      0.624000013    
        1232  -4.15344048     -0.390490681      0.635999978    
        1234  -4.25364828     -0.597541034      0.635999978    
        1236  -4.18754530     -0.350065529      0.648000002    
        1238  -4.13405848     -0.153493837      0.648000002    
        1240  -4.28575850     -0.779365599      0.660000026    
        1242  -4.34101343     -0.650239110      0.671999991    
        1244  -4.48404169      -1.05358541      0.671999991    
        1246  -4.45527220     -0.416806698      0.671999991    
        1248  -4.37591600     -0.190224320      0.660000026    
        1250  -4.26803923      0.279964656      0.660000026    
        1252  -4.51651764     -0.502701342      0.671999991    
        1254  -4.44692993     -0.379763573      0.671999991    
        1256  -4.44327736     -0.346237183      0.671999991    
        1258  -4.35926819       6.54526725E-02  0.671999991    
        1260  -4.52070904     -0.113867462      0.684000015    
        1262  -4.48638153       4.74282429E-02  0.684000015    
        1264  -4.44168997      -1.06618544E-02  0.684000015    
        1266  -4.57164812     -0.419937432      0.695999980    
        1268  -4.63796473     -0.868761241      0.695999980    
        1270  -4.55469942     -0.247907713      0.695999980    
        1272  -4.68648577     -0.840200186      0.708000004    
        1274  -4.59201145     -0.102909595      0.708000004    
        1276  -4.64459372     -0.519373596      0.708000004    
        1278  -4.63781404     -0.415409118      0.720000029    
        1280  -4.64305544     -0.297962844      0.720000029    
        1282  -4.72784138     -0.476784378      0.720000029    
        1284  -4.72096300     -0.384837031      0.720000029    
        1286  -4.61598921     -0.112671383      0.720000029    
        1288  -4.57461309      0.183675528      0.720000029    
        1290  -4.63640356      0.114274330      0.720000029    
        1292  -4.59594917      0.275203526      0.720000029    
        1294  -4.70045042      0.200354502      0.720000029    
        1296  -4.65904140       8.54271725E-02  0.720000029    
        1298  -4.57611895      0.468019754      0.720000029    
        1300  -4.57574034      0.636876285      0.720000029    
        1302  -4.61088753      -2.04165317E-02  0.720000029    
        1304  -4.82586908     -0.598829448      0.731999993    
        1306  -4.75029373     -0.359990358      0.731999993    
        1308  -4.82297516     -0.529704869      0.744000018    
        1310  -4.79211283     -0.557330966      0.744000018    
        1312  -4.68215322      -9.37248580E-03  0.731999993    
        1314  -4.72535992     -0.363080293      0.731999993    
        1316  -4.52892780      0.683711410      0.731999993    
        1318  -4.68673134      0.244127482      0.731999993    
        1320  -4.85986185     -0.389624268      0.731999993    
        1322  -4.86567211     -0.385651976      0.731999993    
        1324  -4.74722815      -2.31240615E-02  0.720000029    
        1326  -4.69027758      0.220005453      0.720000029    
        1328  -4.55790567      0.581360638      0.708000004    
        1330  -4.45292139      0.628793120      0.708000004    
        1332  -4.56009340       5.30812852E-02  0.708000004    
        1334  -4.48445415       7.86501318E-02  0.708000004    
        1336  -4.49018049      0.238422424      0.720000029    
        1338  -4.56511688      0.114675254      0.720000029    
        1340  -4.61941242      -7.06863627E-02  0.720000029    
        1342  -4.53079081      0.569719732      0.731999993    
        1344  -4.59973764      0.287539363      0.720000029    
        1346  -4.57636881      0.171258554      0.720000029    
        1348  -4.73274994     -0.565878272      0.720000029    
        1350  -4.65509415     -0.286890745      0.720000029    
        1352  -4.62889147     -0.494114727      0.720000029    
        1354  -4.62898636     -0.369247228      0.720000029    
        1356  -4.62855721     -0.175128594      0.720000029    
        1358  -4.82882881     -0.840395272      0.731999993    
        1360  -4.71789360     -0.651704371      0.731999993    
        1362  -4.59705734      -1.21279284E-02  0.731999993    
        1364  -4.79031181     -0.689419210      0.731999993    
        1366  -4.73108387     -0.533524334      0.731999993    
        1368  -4.77885199     -0.476104200      0.731999993    
        1370  -4.69967699     -0.183918282      0.731999993    
        1372  -4.60057116      0.211560741      0.731999993    
        1374  -4.57778120      0.203708440      0.731999993    
        1376  -4.54615164      0.174223274      0.731999993    
        1378  -4.60484743      -6.74274415E-02  0.731999993    
        1380  -4.63322258     -0.352300733      0.744000018    
        1382  -4.65838623     -0.460864007      0.744000018    
        1384  -4.54517317      -4.15913574E-03  0.744000018    
        1386  -4.58612013       6.04612976E-02  0.744000018    
        1388  -4.42738056      0.337719083      0.744000018    
        1390  -4.48667431     -0.359180480      0.744000018    
        1392  -4.59136868     -0.428218186      0.744000018    
        1394  -4.51373720      -8.79154503E-02  0.744000018    
        1396  -4.53322268      -2.53160894E-02  0.744000018    
        1398  -4.62570190     -0.435169250      0.744000018    
        1400  -4.45658731      0.352487803      0.744000018    
        1402  -4.58066368      -8.14503953E-02  0.744000018    
        1404  -4.53777647      0.205878273      0.744000018    
        1406  -4.46790552      0.458254546      0.744000018    
        1408  -4.48123455      0.449433923      0.744000018    
        1410  -4.51815271      0.469246119      0.744000018    
        1412  -4.55953026      0.238486424      0.744000018    
        1414  -4.49436378      0.679950356      0.744000018    
        1416  -4.41081715      0.854041576      0.744000018    
        1418  -4.48479652      0.445524693      0.744000018    
        1420  -4.62599516      -7.19958618E-02  0.744000018    
        1422  -4.71825886     -0.122709714      0.744000018    
        1424  -4.72198820     -0.133629605      0.744000018    
        1426  -4.61897755      0.627299786      0.755999982    
        1428  -4.61878777      0.494040877      0.755999982    
        1430  -4.69330168     -0.180768505      0.755999982    
        1432  -4.65486813      0.267420560      0.755999982    
        1434  -4.53326654      0.627559960      0.744000018    
        1436  -4.59792662      0.177215248      0.744000018    
        1438  -4.73111057     -0.366295248      0.744000018    
        1440  -4.82222319     -0.614437640      0.744000018    
        1442  -4.88977146     -0.921938121      0.744000018    
        1444  -4.76508713     -0.259819567      0.744000018    
        1446  -4.66897297      0.186872050      0.744000018    
        1448  -4.69081640       1.11561781E-02  0.744000018    
        1450  -4.74319267     -0.271251053      0.731999993    
        1452  -4.68389988     -0.149820030      0.731999993    
        1454  -4.64484358      0.262163877      0.744000018    
        1456  -4.69174671      0.416829318      0.744000018    
        1458  -4.77329159      0.250027478      0.744000018    
        1460  -4.68513727      0.495970070      0.744000018    
        1462  -4.80541229      0.116368614      0.744000018    
        1464  -4.80152845     -0.215204015      0.744000018    
        1466  -4.66504097       9.12205502E-02  0.744000018    
        1468  -4.77212763       1.48760015E-03  0.744000018    
        1470  -4.73751068      0.163756430      0.755999982    
        1472  -4.88639498     -0.586530924      0.755999982    
        1474  -4.73833990       7.36227632E-02  0.755999982    
        1476  -4.72491980      0.256896794      0.755999982    
        1478  -4.73314381      0.134878322      0.755999982    
        1480  -4.78522062       3.53055820E-02  0.755999982    
        1482  -4.79833937       2.93634832E-02  0.755999982    
        1484  -4.65266562      0.273916453      0.755999982    
        1486  -4.73154116       8.47808551E-04  0.731999993    
        1488  -4.73221827     -0.311211258      0.731999993    
        1490  -4.84552145     -0.721105337      0.720000029    
        1492  -4.72559214     -0.464586645      0.720000029    
        1494  -4.71649408     -0.892143071      0.720000029    
        1496  -4.73460388     -0.929770708      0.720000029    
        1498  -4.41905451      0.291727722      0.708000004    
        1500  -4.61948919     -0.571020842      0.708000004    
        1502  -4.51373911     -0.156377107      0.708000004    
        1504  -4.56858444     -0.256749064      0.708000004    
        1506  -4.77245092     -0.728219569      0.720000029    
        1508  -4.62398291     -0.340742230      0.720000029    
        1510  -4.74173307     -0.736649871      0.744000018    
        1512  -4.74141979     -0.549634933      0.744000018    
        1514  -4.63131332     -0.142358616      0.744000018    
        1516  -4.56453419       8.38001370E-02  0.744000018    
        1518  -4.74084520     -0.441130430      0.731999993    
        1520  -4.74738407     -0.647419512      0.731999993    
        1522  -4.76725817     -0.320571482      0.755999982    
        1524  -4.79735518     -0.240296572      0.755999982    
        1526  -4.73852205      0.247273237      0.755999982    
        1528  -4.63653755      0.616624236      0.755999982    
        1530  -4.92423725     -0.409072340      0.768000007    
        1532  -4.94628048     -0.708737671      0.768000007    
        1534  -4.84426928      -8.84998292E-02  0.768000007    
        1536  -4.88727474     -0.209988192      0.768000007    
        1538  -4.87278080     -0.440839887      0.768000007    
        1540  -4.79328203      0.145419881      0.768000007    
        1542  -4.81929684      0.335982054      0.768000007    
        1544  -4.93015242      -1.68886688E-02  0.768000007    
        1546  -4.93820620      -2.79671606E-02  0.768000007    
        1548  -4.91598463     -0.325011343      0.768000007    
        1550  -4.81704760      0.196516842      0.768000007    
        1552  -4.76514530      0.596206427      0.768000007    
        1554  -4.66728544       1.03639054      0.768000007    
        1556  -4.67481565      0.870302320      0.768000007    
        1558  -4.61516237       1.01983821      0.768000007    
        1560  -4.73913383      0.546892166      0.768000007    
        1562  -4.80012369      0.158609852      0.768000007    
        1564  -4.77823734       9.12719145E-02  0.768000007    
        1566  -4.69663095      0.533111334      0.768000007    
        1568  -4.74848127      0.451837420      0.768000007    
        1570  -4.90098095     -0.194399104      0.755999982    
        1572  -4.83893394     -0.282913953      0.755999982    
        1574  -4.83972692     -0.443372995      0.755999982    
        1576  -4.87267160     -0.597767472      0.755999982    
        1578  -4.95487452     -0.539745331      0.755999982    
        1580  -4.97953367     -0.724817634      0.755999982    
        1582  -4.98883629     -0.558035910      0.768000007    
        1584  -4.99461508     -0.580723107      0.768000007    
        1586  -5.04643297     -0.981776237      0.768000007    
        1588  -5.02734613     -0.885844231      0.768000007    
        1590  -4.98936510     -0.742223859      0.768000007    
        1592  -5.08001375     -0.597622812      0.768000007    
        1594  -4.97045708     -0.520496666      0.768000007    
        1596  -4.88192415       5.61689399E-02  0.768000007    
        1598  -4.91021967     -0.199789450      0.768000007    
        1600  -4.80416012     -0.271012455      0.768000007    
        1602  -4.95521498     -0.351450980      0.768000007    
        1604  -5.02570915     -0.793195307      0.768000007    
        1606  -4.97097588     -0.426888794      0.768000007    
        1608  -4.97954464     -0.580852568      0.768000007    
        1610  -4.99813175     -0.543751657      0.768000007    
        1612  -5.02403927     -0.124446996      0.768000007    
        1614  -4.93107653      -8.75257775E-02  0.768000007    
        1616  -4.96114016      -8.31462890E-02  0.768000007    
        1618  -4.81809425      0.419462323      0.768000007    
        1620  -4.83354425      0.280486524      0.755999982    
        1622  -4.80503225      0.218307376      0.755999982    
        1624  -4.91241264     -0.213846341      0.755999982    
        1626  -5.10312939     -0.856706023      0.755999982    
        1628  -5.13942051     -0.823159575      0.755999982    
        1630  -4.96752357     -0.182087839      0.755999982    
        1632  -5.04250956     -0.544639707      0.768000007    
        1634  -4.99694252       1.42301591E-02  0.768000007    
        1636  -5.07992315     -0.141741633      0.768000007    
        1638  -5.09194803     -0.240078181      0.768000007    
        1640  -4.95174837      0.100638196      0.768000007    
        1642  -4.86735153      0.139511719      0.768000007    
        1644  -4.87349558      0.314657003      0.768000007    
        1646  -5.05126381     -0.442928374      0.768000007    
        1648  -5.05544472     -0.378704578      0.755999982    
        1650  -4.87220669      0.241897181      0.755999982    
        1652  -4.80060863      0.220741212      0.755999982    
        1654  -4.80227327      0.140564159      0.755999982    
        1656  -4.89907026     -0.380681962      0.755999982    
        1658  -4.67813015      0.708652318      0.755999982    
        1660  -4.88356495     -0.336381227      0.768000007    
        1662  -4.82344294      -1.51377711E-02  0.768000007    
        1664  -4.79328060      0.485878438      0.768000007    
        1666  -4.87489176      0.174047440      0.779999971    
        1668  -5.07025146     -0.672716737      0.779999971    
        1670  -4.95049191      0.253828466      0.779999971    
        1672  -4.96734381       6.02155998E-02  0.779999971    
        1674  -4.78893471       1.00878167      0.779999971    
        1676  -4.67212868       1.48122287      0.779999971    
        1678  -4.72957182       1.09575975      0.791999996    
        1680  -4.69744492       1.69881058      0.804000020    
        1682  -4.74869442       1.33049393      0.804000020    
        1684  -4.78789854       1.21501255      0.804000020    
        1686  -4.58348894       1.89026153      0.804000020    
        1688  -4.79190969       1.33162820      0.804000020    
        1690  -4.89255381      0.601869166      0.804000020    
        1692  -4.98156595      0.688449919      0.804000020    
        1694  -5.07901525      0.250952572      0.804000020    
        1696  -5.09119368      0.155300483      0.804000020    
        1698  -4.95888901      0.457238585      0.804000020    
        1700  -5.01352453       4.91522737E-02  0.804000020    
        1702  -4.90124035      0.654759586      0.804000020    
        1704  -5.00663328       3.31145152E-02  0.804000020    
        1706  -4.88095760      0.651182890      0.804000020    
        1708  -4.91949463      0.665858686      0.804000020    
        1710  -4.95227289      0.442830443      0.804000020    
        1712  -4.68170166       1.54542351      0.804000020    
        1714  -4.80476093       1.02758098      0.804000020    
        1716  -4.70590401       1.82937455      0.804000020    
        1718  -4.87239599      0.917488456      0.804000020    
        1720  -4.82958555       1.12753391      0.804000020    
        1722  -4.86706686      0.947599053      0.804000020    
        1724  -4.95054388       1.00531399      0.804000020    
        1726  -4.96339226       1.17891693      0.791999996    
        1728  -4.93974352       1.05884588      0.791999996    
        1730  -5.05040264      0.779698730      0.791999996    
        1732  -5.13829756      0.719487906      0.779999971    
        1734  -5.21895409      -3.54799516E-02  0.779999971    
        1736  -5.24314833      0.161729887      0.779999971    
        1738  -5.34119844      -3.14355306E-02  0.779999971    
        1740  -5.20378828      0.655015588      0.779999971    
        1742  -5.08722115      0.808775604      0.779999971    
        1744  -5.08118105       1.10919309      0.779999971    
        1746  -5.12305355      0.390799731      0.791999996    
        1748  -5.23283625     -0.339653194      0.791999996    
        1750  -5.20198202     -0.523797929      0.791999996    
        1752  -4.94495392      0.425431699      0.791999996    
        1754  -4.99353409      0.470727116      0.791999996    
        1756  -5.05407143      0.410655439      0.791999996    
        1758  -4.95735121      0.971931994      0.791999996    
        1760  -5.25757074     -0.592769384      0.791999996    
        1762  -5.01087284      0.438748032      0.791999996    
        1764  -5.14013863     -0.277668983      0.791999996    
        1766  -5.14580822     -0.659676611      0.791999996    
        1768  -4.94550133      0.242956057      0.791999996    
        1770  -4.97868776       1.33445151E-02  0.791999996    
        1772  -4.90417624      0.124723665      0.779999971    
        1774  -5.09883881     -0.444324225      0.779999971    
        1776  -5.04121065      -9.16039199E-02  0.779999971    
        1778  -4.96240664      0.305749327      0.779999971    
        1780  -5.02406549      -6.31931126E-02  0.779999971    
        1782  -5.05725288      -9.61546227E-02  0.779999971    
        1784  -4.95737505      0.682554126      0.779999971    
        1786  -4.98445797      0.111780122      0.779999971    
        1788  -4.96880484      0.140302643      0.779999971    
        1790  -5.06228590     -0.568030298      0.779999971    
        1792  -4.92705393     -0.462128282      0.779999971    
        1794  -4.98157310     -0.694435358      0.779999971    
        1796  -4.81654692     -0.279749364      0.779999971    
        1798  -4.91810131     -0.364496231      0.779999971    
        1800  -4.88630486     -0.443324953      0.779999971    
        1802  -4.70395374      0.194702297      0.779999971    
        1804  -4.85691261     -0.171475783      0.768000007    
        1806  -4.76135111      0.175770044      0.768000007    
        1808  -4.69925451      0.468082160      0.768000007    
        1810  -4.63450432      0.310535073      0.768000007    
        1812  -4.66162920      0.165220097      0.768000007    
        1814  -4.71712971     -0.194202974      0.768000007    
        1816  -4.72003698      0.140784070      0.768000007    
        1818  -4.84727192     -0.298087388      0.768000007    
        1820  -4.94450760     -0.340332121      0.768000007    
        1822  -4.80838203      0.146251708      0.768000007    
        1824  -4.75698662      0.130355209      0.768000007    
        1826  -4.88649845     -0.217020482      0.768000007    
        1828  -4.90081835      -5.33101857E-02  0.768000007    
        1830  -4.87006426       9.34437942E-03  0.768000007    
        1832  -4.86423063      0.261177778      0.768000007    
        1834  -4.90142918       5.05988449E-02  0.768000007    
        1836  -4.82387829      0.652608097      0.768000007    
        1838  -4.81195498       1.05326009      0.779999971    
        1840  -4.84808254      0.938581109      0.779999971    
        1842  -4.89421177      0.838597178      0.779999971    
        1844  -4.76046944       1.44636428      0.804000020    
        1846  -4.81617355       1.08268833      0.791999996    
        1848  -4.99153709      0.514552593      0.791999996    
        1850  -4.95879650      0.490774214      0.791999996    
        1852  -5.03454161      0.304175645      0.791999996    
        1854  -5.03933239      0.329193473      0.791999996    
        1856  -5.05877495      0.126033053      0.791999996    
        1858  -5.16281652     -0.185059711      0.791999996    
        1860  -4.96914864       1.01353574      0.791999996    
        1862  -4.89830637       1.22360909      0.791999996    
        1864  -5.02999210      0.474093795      0.791999996    
        1866  -5.10961008      0.112418696      0.791999996    
        1868  -5.04114389      0.430306315      0.779999971    
        1870  -4.96438456      0.579704523      0.779999971    
        1872  -4.97048712      0.777225852      0.779999971    
        1874  -4.93860245       1.02645159      0.779999971    
        1876  -5.09915304      0.282427192      0.779999971    
        1878  -5.11572170      0.278332442      0.791999996    
        1880  -5.10427904      0.170851558      0.815999985    
        1882  -5.12644911      0.172710523      0.815999985    
        1884  -5.01353884       1.10310566      0.815999985    
        1886  -4.98170090       1.38281441      0.815999985    
        1888  -5.03884411       1.28719747      0.815999985    
        1890  -5.04982615       1.10733223      0.815999985    
        1892  -5.04266739      0.906569242      0.804000020    
        1894  -5.07363272      0.325814664      0.804000020    
        1896  -5.19240665      0.158101618      0.804000020    
        1898  -5.04594469       1.10378897      0.804000020    
        1900  -4.95913887       1.31357419      0.804000020    
        1902  -4.98516846       1.18569434      0.815999985    
        1904  -5.04304409       1.12594271      0.815999985    
        1906  -5.06283951      0.440830678      0.804000020    
        1908  -4.73459291       2.32727075      0.804000020    
        1910  -4.83953190       1.85552156      0.804000020    
        1912  -4.84784508       1.84021258      0.804000020    
        1914  -4.91319895       1.43933284      0.791999996    
        1916  -5.17501545      0.531893790      0.815999985    
        1918  -5.13753605      0.368860006      0.815999985    
        1920  -5.17692232      0.379580915      0.815999985    
        1922  -5.17406988      0.342925757      0.815999985    
        1924  -5.01438665       1.16179943      0.815999985    
        1926  -5.14531469      0.206730083      0.815999985    
        1928  -5.06192780      0.570501208      0.815999985    
        1930  -4.95673752       1.03174710      0.815999985    
        1932  -5.03437090      0.911166370      0.815999985    
        1934  -5.03712082      0.948092163      0.815999985    
        1936  -5.07458735      0.681223512      0.815999985    
        1938  -4.96602154      0.997425437      0.815999985    
        1940  -4.84088278       1.53566372      0.815999985    
        1942  -5.06403351      0.431350172      0.815999985    
        1944  -5.14120293     -0.107709080      0.815999985    
        1946  -5.05229664      0.490032703      0.815999985    
        1948  -4.98915386      0.450318933      0.815999985    
        1950  -4.91400480      0.978314698      0.815999985    
        1952  -5.03576374      0.402067989      0.815999985    
        1954  -5.03250456      0.496616304      0.815999985    
        1956  -5.12725163       3.27842943E-02  0.815999985    
        1958  -5.01296949      0.489887983      0.815999985    
        1960  -5.04318714      0.158965111      0.815999985    
        1962  -5.00335789      0.432053000      0.815999985    
        1964  -5.13837481     -0.334772408      0.815999985    
        1966  -5.00994158      0.339256823      0.815999985    
        1968  -5.17159843     -0.545154691      0.815999985    
        1970  -5.13556671     -0.522978902      0.815999985    
        1972  -5.08484554     -0.367747396      0.815999985    
        1974  -5.14113092     -0.283316851      0.815999985    
        1976  -5.07588196      0.175042748      0.815999985    
        1978  -5.06284904       3.17347907E-02  0.815999985    
        1980  -5.05663300      -3.70381996E-02  0.815999985    
        1982  -5.03774691      0.114565223      0.815999985    
        1984  -4.97805309      0.189968631      0.815999985    
        1986  -4.98282290      0.272421122      0.815999985    
        1988  -5.12508726     -0.560092449      0.815999985    
        1990  -4.97666979      0.249312669      0.815999985    
        1992  -4.99614477      0.284690887      0.815999985    
        1994  -4.99664736      0.129645109      0.815999985    
        1996  -5.00078297      0.399178654      0.815999985    
        1998  -5.03764486      0.324521542      0.815999985    
        2000  -5.04405546      0.448094040      0.815999985    
