           2  -1.64019287      0.291250885      0.131999999    
           4  -2.26237416       8.59890878E-03   4.80000004E-02
           6   0.00000000       0.00000000       0.00000000    
           8  -6.62236214       1.05189346E-02   1.20000001E-02
          10   0.00000000       0.00000000       0.00000000    
          12  -2.23882866       2.98704132E-02   3.59999985E-02
          14  -6.62236214       1.05189346E-02   1.20000001E-02
          16  -3.32882929       2.04757396E-02   2.40000002E-02
          18   0.00000000       0.00000000       0.00000000    
          20   0.00000000       0.00000000       0.00000000    
          22  -3.32882929       2.04757396E-02   2.40000002E-02
          24  -3.32882929       2.04757396E-02   2.40000002E-02
          26   0.00000000       0.00000000       0.00000000    
          28   0.00000000       0.00000000       0.00000000    
          30   0.00000000       0.00000000       0.00000000    
          32  -2.23882866       2.98704132E-02   3.59999985E-02
          34  -2.55299950       4.41385955E-02   3.59999985E-02
          36  -6.62236214       1.05189346E-02   1.20000001E-02
          38   0.00000000       0.00000000       0.00000000    
          40   0.00000000       0.00000000       0.00000000    
          42  -1.98688591       3.66231874E-02   4.80000004E-02
          44   0.00000000       0.00000000       0.00000000    
          46  -3.37688398       1.82273686E-02   2.40000002E-02
          48   0.00000000       0.00000000       0.00000000    
          50   0.00000000       0.00000000       0.00000000    
          52   0.00000000       0.00000000       0.00000000    
          54  -6.62236214       1.05189346E-02   1.20000001E-02
          56   0.00000000       0.00000000       0.00000000    
          58   0.00000000       0.00000000       0.00000000    
          60   0.00000000       0.00000000       0.00000000    
          62  -6.62236214       1.05189346E-02   1.20000001E-02
          64  -6.62236214       1.05189346E-02   1.20000001E-02
          66   0.00000000       0.00000000       0.00000000    
          68   0.00000000       0.00000000       0.00000000    
          70   0.00000000       0.00000000       0.00000000    
          72   0.00000000       0.00000000       0.00000000    
          74   0.00000000       0.00000000       0.00000000    
          76   0.00000000       0.00000000       0.00000000    
          78   0.00000000       0.00000000       0.00000000    
          80   0.00000000       0.00000000       0.00000000    
          82   0.00000000       0.00000000       0.00000000    
          84  -6.62236214       1.05189346E-02   1.20000001E-02
          86   0.00000000       0.00000000       0.00000000    
          88   0.00000000       0.00000000       0.00000000    
          90   0.00000000       0.00000000       0.00000000    
          92  -6.62236214       1.05189346E-02   1.20000001E-02
          94   0.00000000       0.00000000       0.00000000    
          96  -6.62236214       1.05189346E-02   1.20000001E-02
          98  -3.59844017       1.00103850E-02   2.40000002E-02
         100  -1.69971120       3.87029573E-02   4.80000004E-02
         102  -3.32882929       2.04757396E-02   2.40000002E-02
         104  -6.62236214       1.05189346E-02   1.20000001E-02
         106   0.00000000       0.00000000       0.00000000    
         108   0.00000000       0.00000000       0.00000000    
         110   0.00000000       0.00000000       0.00000000    
         112  -6.62236214       1.05189346E-02   1.20000001E-02
         114  -2.45515108       1.64637063E-02   3.59999985E-02
         116  -6.62236214       1.05189346E-02   1.20000001E-02
         118  -6.62236214       1.05189346E-02   1.20000001E-02
         120  -1.83157992       2.79565603E-02   5.99999987E-02
         122  -6.62236214       1.05189346E-02   1.20000001E-02
         124   0.00000000       0.00000000       0.00000000    
         126  -3.32882929       2.04757396E-02   2.40000002E-02
         128   0.00000000       0.00000000       0.00000000    
         130  -3.82845449       2.18260400E-02   2.40000002E-02
         132  -6.62236214       1.05189346E-02   1.20000001E-02
         134  -3.38572788       1.78270712E-02   2.40000002E-02
         136  -3.32882929       2.04757396E-02   2.40000002E-02
         138  -6.62236214       1.05189346E-02   1.20000001E-02
         140  -3.32882929       2.04757396E-02   2.40000002E-02
         142  -3.32882929       2.04757396E-02   2.40000002E-02
         144   0.00000000       0.00000000       0.00000000    
         146   0.00000000       0.00000000       0.00000000    
         148  -3.79262972       3.68663035E-02   2.40000002E-02
         150   0.00000000       0.00000000       0.00000000    
         152   0.00000000       0.00000000       0.00000000    
         154  -3.32882929       2.04757396E-02   2.40000002E-02
         156  -6.62236214       1.05189346E-02   1.20000001E-02
         158  -6.62236214       1.05189346E-02   1.20000001E-02
         160  -6.62236214       1.05189346E-02   1.20000001E-02
         162   0.00000000       0.00000000       0.00000000    
         164  -6.62236214       1.05189346E-02   1.20000001E-02
         166   0.00000000       0.00000000       0.00000000    
         168   0.00000000       0.00000000       0.00000000    
         170  -6.62236214       1.05189346E-02   1.20000001E-02
         172  -6.62236214       1.05189346E-02   1.20000001E-02
         174   0.00000000       0.00000000       0.00000000    
         176  -6.62236214       1.05189346E-02   1.20000001E-02
         178  -6.62236214       1.05189346E-02   1.20000001E-02
         180  -6.62236214       1.05189346E-02   1.20000001E-02
         182   0.00000000       0.00000000       0.00000000    
         184   0.00000000       0.00000000       0.00000000    
         186   0.00000000       0.00000000       0.00000000    
         188  -3.32882929       2.04757396E-02   2.40000002E-02
         190   0.00000000       0.00000000       0.00000000    
         192   0.00000000       0.00000000       0.00000000    
         194  -6.62236214       1.05189346E-02   1.20000001E-02
         196   0.00000000       0.00000000       0.00000000    
         198  -3.32882929       2.04757396E-02   2.40000002E-02
         200   0.00000000       0.00000000       0.00000000    
         202   0.00000000       0.00000000       0.00000000    
         204  -6.62236214       1.05189346E-02   1.20000001E-02
         206   0.00000000       0.00000000       0.00000000    
         208  -6.62236214       1.05189346E-02   1.20000001E-02
         210  -6.62236214       1.05189346E-02   1.20000001E-02
         212  -6.62236214       1.05189346E-02   1.20000001E-02
         214  -2.56655765       1.07146241E-02   3.59999985E-02
         216  -6.62236214       1.05189346E-02   1.20000001E-02
         218  -3.32882929       2.04757396E-02   2.40000002E-02
         220   0.00000000       0.00000000       0.00000000    
         222   0.00000000       0.00000000       0.00000000    
         224  -6.62236214       1.05189346E-02   1.20000001E-02
         226   0.00000000       0.00000000       0.00000000    
         228  -6.62236214       1.05189346E-02   1.20000001E-02
         230  -2.40156913       2.00972129E-02   3.59999985E-02
         232  -3.41110349       1.67039596E-02   2.40000002E-02
         234   0.00000000       0.00000000       0.00000000    
         236  -6.62236214       1.05189346E-02   1.20000001E-02
         238  -3.32882929       2.04757396E-02   2.40000002E-02
         240  -6.62236214       1.05189346E-02   1.20000001E-02
         242  -2.56112790       2.27261707E-02   3.59999985E-02
         244  -6.62236214       1.05189346E-02   1.20000001E-02
         246  -6.62236214       1.05189346E-02   1.20000001E-02
         248  -6.62236214       1.05189346E-02   1.20000001E-02
         250  -1.82761955      -2.97264964E-03   7.19999969E-02
         252  -6.62236214       1.05189346E-02   1.20000001E-02
         254  -1.78217340       3.15760858E-02   4.80000004E-02
         256  -1.87810993       1.14133479E-02   5.99999987E-02
         258  -6.62236214       1.05189346E-02   1.20000001E-02
         260  -6.62236214       1.05189346E-02   1.20000001E-02
         262   0.00000000       0.00000000       0.00000000    
         264   0.00000000       0.00000000       0.00000000    
         266   0.00000000       0.00000000       0.00000000    
         268  -3.79690695       1.14118839E-02   2.40000002E-02
         270   0.00000000       0.00000000       0.00000000    
         272   0.00000000       0.00000000       0.00000000    
         274  -3.36249900       1.88877564E-02   2.40000002E-02
         276  -3.48650837       1.36218714E-02   2.40000002E-02
         278  -6.62236214       1.05189346E-02   1.20000001E-02
         280  -6.62236214       1.05189346E-02   1.20000001E-02
         282  -6.62236214       1.05189346E-02   1.20000001E-02
         284   0.00000000       0.00000000       0.00000000    
         286  -6.62236214       1.05189346E-02   1.20000001E-02
         288   0.00000000       0.00000000       0.00000000    
         290  -6.62236214       1.05189346E-02   1.20000001E-02
         292  -2.26078534       2.83164661E-02   3.59999985E-02
         294   0.00000000       0.00000000       0.00000000    
         296   0.00000000       0.00000000       0.00000000    
         298  -6.62236214       1.05189346E-02   1.20000001E-02
         300  -6.62236214       1.05189346E-02   1.20000001E-02
         302   0.00000000       0.00000000       0.00000000    
         304   0.00000000       0.00000000       0.00000000    
         306  -3.46247578       1.45584866E-02   2.40000002E-02
         308  -6.62236214       1.05189346E-02   1.20000001E-02
         310  -3.58555222       1.03486925E-02   2.40000002E-02
         312   0.00000000       0.00000000       0.00000000    
         314  -6.62236214       1.05189346E-02   1.20000001E-02
         316  -6.62236214       1.05189346E-02   1.20000001E-02
         318  -6.62236214       1.05189346E-02   1.20000001E-02
         320   0.00000000       0.00000000       0.00000000    
         322  -3.32882929       2.04757396E-02   2.40000002E-02
         324  -6.62236214       1.05189346E-02   1.20000001E-02
         326  -6.62236214       1.05189346E-02   1.20000001E-02
         328  -3.49825978       1.31813986E-02   2.40000002E-02
         330   0.00000000       0.00000000       0.00000000    
         332  -6.62236214       1.05189346E-02   1.20000001E-02
         334   0.00000000       0.00000000       0.00000000    
         336  -3.32882929       2.04757396E-02   2.40000002E-02
         338  -6.62236214       1.05189346E-02   1.20000001E-02
         340  -2.27426767       2.73905005E-02   3.59999985E-02
         342  -3.32882929       2.04757396E-02   2.40000002E-02
         344  -2.26126432       2.82831844E-02   3.59999985E-02
         346  -6.62236214       1.05189346E-02   1.20000001E-02
         348  -1.88101912       2.24482827E-02   4.80000004E-02
         350  -6.62236214       1.05189346E-02   1.20000001E-02
         352   0.00000000       0.00000000       0.00000000    
         354   0.00000000       0.00000000       0.00000000    
         356  -6.62236214       1.05189346E-02   1.20000001E-02
         358  -3.32882929       2.04757396E-02   2.40000002E-02
         360  -6.62236214       1.05189346E-02   1.20000001E-02
         362  -2.35279179       2.25201994E-02   3.59999985E-02
         364  -6.62236214       1.05189346E-02   1.20000001E-02
         366   0.00000000       0.00000000       0.00000000    
         368  -6.62236214       1.05189346E-02   1.20000001E-02
         370  -3.32882929       2.04757396E-02   2.40000002E-02
         372  -3.32882929       2.04757396E-02   2.40000002E-02
         374  -6.62236214       1.05189346E-02   1.20000001E-02
         376  -6.62236214       1.05189346E-02   1.20000001E-02
         378  -6.62236214       1.05189346E-02   1.20000001E-02
         380  -6.62236214       1.05189346E-02   1.20000001E-02
         382  -6.62236214       1.05189346E-02   1.20000001E-02
         384  -2.23882866       2.98704132E-02   3.59999985E-02
         386  -6.62236214       1.05189346E-02   1.20000001E-02
         388   0.00000000       0.00000000       0.00000000    
         390  -6.62236214       1.05189346E-02   1.20000001E-02
         392  -6.62236214       1.05189346E-02   1.20000001E-02
         394   0.00000000       0.00000000       0.00000000    
         396  -3.32882929       2.04757396E-02   2.40000002E-02
         398  -6.62236214       1.05189346E-02   1.20000001E-02
         400  -6.62236214       1.05189346E-02   1.20000001E-02
         402  -6.62236214       1.05189346E-02   1.20000001E-02
         404  -6.62236214       1.05189346E-02   1.20000001E-02
         406  -6.62236214       1.05189346E-02   1.20000001E-02
         408  -2.51346374       6.40531257E-02   3.59999985E-02
         410  -2.04852653       1.39732445E-02   4.80000004E-02
         412  -3.82823563       1.88786108E-02   2.40000002E-02
         414  -6.62236214       1.05189346E-02   1.20000001E-02
         416  -3.32882929       2.04757396E-02   2.40000002E-02
         418  -6.62236214       1.05189346E-02   1.20000001E-02
         420   0.00000000       0.00000000       0.00000000    
         422  -3.32882929       2.04757396E-02   2.40000002E-02
         424  -6.62236214       1.05189346E-02   1.20000001E-02
         426  -3.32882929       2.04757396E-02   2.40000002E-02
         428   0.00000000       0.00000000       0.00000000    
         430  -2.47082853       1.79970432E-02   3.59999985E-02
         432  -6.62236214       1.05189346E-02   1.20000001E-02
         434  -6.62236214       1.05189346E-02   1.20000001E-02
         436  -6.62236214       1.05189346E-02   1.20000001E-02
         438   0.00000000       0.00000000       0.00000000    
         440  -3.32882929       2.04757396E-02   2.40000002E-02
         442  -6.62236214       1.05189346E-02   1.20000001E-02
         444   0.00000000       0.00000000       0.00000000    
         446   0.00000000       0.00000000       0.00000000    
         448   0.00000000       0.00000000       0.00000000    
         450  -6.62236214       1.05189346E-02   1.20000001E-02
         452  -3.32882929       2.04757396E-02   2.40000002E-02
         454   0.00000000       0.00000000       0.00000000    
         456  -6.62236214       1.05189346E-02   1.20000001E-02
         458  -3.32882929       2.04757396E-02   2.40000002E-02
         460  -2.34298348       2.30716020E-02   3.59999985E-02
         462   0.00000000       0.00000000       0.00000000    
         464  -3.32882929       2.04757396E-02   2.40000002E-02
         466  -6.62236214       1.05189346E-02   1.20000001E-02
         468  -2.23882866       2.98704132E-02   3.59999985E-02
         470   0.00000000       0.00000000       0.00000000    
         472  -6.62236214       1.05189346E-02   1.20000001E-02
         474  -6.62236214       1.05189346E-02   1.20000001E-02
         476  -3.32882929       2.04757396E-02   2.40000002E-02
         478  -6.62236214       1.05189346E-02   1.20000001E-02
         480  -3.82693362       2.36133039E-02   2.40000002E-02
         482  -3.32882929       2.04757396E-02   2.40000002E-02
         484   0.00000000       0.00000000       0.00000000    
         486  -6.62236214       1.05189346E-02   1.20000001E-02
         488  -1.90631866       2.10626386E-02   4.80000004E-02
         490  -3.40529609       1.69575494E-02   2.40000002E-02
         492   0.00000000       0.00000000       0.00000000    
         494  -6.62236214       1.05189346E-02   1.20000001E-02
         496   0.00000000       0.00000000       0.00000000    
         498   0.00000000       0.00000000       0.00000000    
         500   0.00000000       0.00000000       0.00000000    
         502   0.00000000       0.00000000       0.00000000    
         504   0.00000000       0.00000000       0.00000000    
         506  -6.62236214       1.05189346E-02   1.20000001E-02
         508  -6.62236214       1.05189346E-02   1.20000001E-02
         510  -6.62236214       1.05189346E-02   1.20000001E-02
         512  -3.32882929       2.04757396E-02   2.40000002E-02
         514   0.00000000       0.00000000       0.00000000    
         516   0.00000000       0.00000000       0.00000000    
         518  -3.32882929       2.04757396E-02   2.40000002E-02
         520  -6.62236214       1.05189346E-02   1.20000001E-02
         522  -2.16991377       6.54830085E-03   4.80000004E-02
         524  -3.36093140       1.89603977E-02   2.40000002E-02
         526  -3.74892807       4.73344177E-02   2.40000002E-02
         528  -6.62236214       1.05189346E-02   1.20000001E-02
         530  -1.61735773       5.80106638E-02   5.99999987E-02
         532   0.00000000       0.00000000       0.00000000    
         534  -6.62236214       1.05189346E-02   1.20000001E-02
         536  -6.62236214       1.05189346E-02   1.20000001E-02
         538  -6.62236214       1.05189346E-02   1.20000001E-02
         540   0.00000000       0.00000000       0.00000000    
         542  -3.32882929       2.04757396E-02   2.40000002E-02
         544  -3.32882929       2.04757396E-02   2.40000002E-02
         546  -3.32882929       2.04757396E-02   2.40000002E-02
         548   0.00000000       0.00000000       0.00000000    
         550  -6.62236214       1.05189346E-02   1.20000001E-02
         552  -6.62236214       1.05189346E-02   1.20000001E-02
         554   0.00000000       0.00000000       0.00000000    
         556  -6.62236214       1.05189346E-02   1.20000001E-02
         558  -2.32027435       2.41989959E-02   3.59999985E-02
         560   0.00000000       0.00000000       0.00000000    
         562  -2.29505420       2.59140264E-02   3.59999985E-02
         564  -2.29594135       2.59513818E-02   3.59999985E-02
         566   0.00000000       0.00000000       0.00000000    
         568  -6.62236214       1.05189346E-02   1.20000001E-02
         570   0.00000000       0.00000000       0.00000000    
         572  -2.33341002       2.36273855E-02   3.59999985E-02
         574  -6.62236214       1.05189346E-02   1.20000001E-02
         576   0.00000000       0.00000000       0.00000000    
         578   0.00000000       0.00000000       0.00000000    
         580   0.00000000       0.00000000       0.00000000    
         582   0.00000000       0.00000000       0.00000000    
         584   0.00000000       0.00000000       0.00000000    
         586   0.00000000       0.00000000       0.00000000    
         588  -6.62236214       1.05189346E-02   1.20000001E-02
         590   0.00000000       0.00000000       0.00000000    
         592  -2.55704188       2.18246896E-02   3.59999985E-02
         594  -6.62236214       1.05189346E-02   1.20000001E-02
         596   0.00000000       0.00000000       0.00000000    
         598  -6.62236214       1.05189346E-02   1.20000001E-02
         600   0.00000000       0.00000000       0.00000000    
         602  -6.62236214       1.05189346E-02   1.20000001E-02
         604  -6.62236214       1.05189346E-02   1.20000001E-02
         606  -6.62236214       1.05189346E-02   1.20000001E-02
         608   0.00000000       0.00000000       0.00000000    
         610  -3.32882929       2.04757396E-02   2.40000002E-02
         612  -6.62236214       1.05189346E-02   1.20000001E-02
         614  -3.32882929       2.04757396E-02   2.40000002E-02
         616  -6.62236214       1.05189346E-02   1.20000001E-02
         618  -6.62236214       1.05189346E-02   1.20000001E-02
         620  -6.62236214       1.05189346E-02   1.20000001E-02
         622  -6.62236214       1.05189346E-02   1.20000001E-02
         624   0.00000000       0.00000000       0.00000000    
         626   0.00000000       0.00000000       0.00000000    
         628  -3.32882929       2.04757396E-02   2.40000002E-02
         630  -6.62236214       1.05189346E-02   1.20000001E-02
         632  -6.62236214       1.05189346E-02   1.20000001E-02
         634  -6.62236214       1.05189346E-02   1.20000001E-02
         636  -2.25860596       2.84682196E-02   3.59999985E-02
         638  -6.62236214       1.05189346E-02   1.20000001E-02
         640  -3.32882929       2.04757396E-02   2.40000002E-02
         642  -2.59820199       6.76066950E-02   3.59999985E-02
         644  -6.62236214       1.05189346E-02   1.20000001E-02
         646   0.00000000       0.00000000       0.00000000    
         648   0.00000000       0.00000000       0.00000000    
         650  -3.57960224       1.05129201E-02   2.40000002E-02
         652  -6.62236214       1.05189346E-02   1.20000001E-02
         654  -3.46137595       1.46024507E-02   2.40000002E-02
         656   0.00000000       0.00000000       0.00000000    
         658  -6.62236214       1.05189346E-02   1.20000001E-02
         660   0.00000000       0.00000000       0.00000000    
         662   0.00000000       0.00000000       0.00000000    
         664  -3.32882929       2.04757396E-02   2.40000002E-02
         666  -6.62236214       1.05189346E-02   1.20000001E-02
         668  -1.98698545       1.38919242E-02   4.80000004E-02
         670   0.00000000       0.00000000       0.00000000    
         672   0.00000000       0.00000000       0.00000000    
         674  -1.82520854       2.81183943E-02   4.80000004E-02
         676  -3.32882929       2.04757396E-02   2.40000002E-02
         678  -3.32882929       2.04757396E-02   2.40000002E-02
         680   0.00000000       0.00000000       0.00000000    
         682  -3.32882929       2.04757396E-02   2.40000002E-02
         684   0.00000000       0.00000000       0.00000000    
         686  -6.62236214       1.05189346E-02   1.20000001E-02
         688  -6.62236214       1.05189346E-02   1.20000001E-02
         690  -6.62236214       1.05189346E-02   1.20000001E-02
         692  -6.62236214       1.05189346E-02   1.20000001E-02
         694  -6.62236214       1.05189346E-02   1.20000001E-02
         696   0.00000000       0.00000000       0.00000000    
         698  -3.32882929       2.04757396E-02   2.40000002E-02
         700   0.00000000       0.00000000       0.00000000    
         702   0.00000000       0.00000000       0.00000000    
         704  -1.92725909       1.92309730E-02   4.80000004E-02
         706  -3.32882929       2.04757396E-02   2.40000002E-02
         708  -6.62236214       1.05189346E-02   1.20000001E-02
         710  -3.36109185       1.89529657E-02   2.40000002E-02
         712  -3.32882929       2.04757396E-02   2.40000002E-02
         714   0.00000000       0.00000000       0.00000000    
         716  -3.37614536       1.82610061E-02   2.40000002E-02
         718   0.00000000       0.00000000       0.00000000    
         720   0.00000000       0.00000000       0.00000000    
         722   0.00000000       0.00000000       0.00000000    
         724  -6.62236214       1.05189346E-02   1.20000001E-02
         726   0.00000000       0.00000000       0.00000000    
         728   0.00000000       0.00000000       0.00000000    
         730   0.00000000       0.00000000       0.00000000    
         732  -6.62236214       1.05189346E-02   1.20000001E-02
         734   0.00000000       0.00000000       0.00000000    
         736   0.00000000       0.00000000       0.00000000    
         738   0.00000000       0.00000000       0.00000000    
         740   0.00000000       0.00000000       0.00000000    
         742  -3.32882929       2.04757396E-02   2.40000002E-02
         744  -6.62236214       1.05189346E-02   1.20000001E-02
         746  -6.62236214       1.05189346E-02   1.20000001E-02
         748  -6.62236214       1.05189346E-02   1.20000001E-02
         750   0.00000000       0.00000000       0.00000000    
         752   0.00000000       0.00000000       0.00000000    
         754  -6.62236214       1.05189346E-02   1.20000001E-02
         756  -6.62236214       1.05189346E-02   1.20000001E-02
         758  -6.62236214       1.05189346E-02   1.20000001E-02
         760  -6.62236214       1.05189346E-02   1.20000001E-02
         762   0.00000000       0.00000000       0.00000000    
         764   0.00000000       0.00000000       0.00000000    
         766  -3.32882929       2.04757396E-02   2.40000002E-02
         768   0.00000000       0.00000000       0.00000000    
         770  -2.27124953       2.75958180E-02   3.59999985E-02
         772  -3.32882929       2.04757396E-02   2.40000002E-02
         774  -3.32882929       2.04757396E-02   2.40000002E-02
         776  -3.80606055       1.24185644E-02   2.40000002E-02
         778  -3.42803884       1.59767177E-02   2.40000002E-02
         780   0.00000000       0.00000000       0.00000000    
         782  -3.32882929       2.04757396E-02   2.40000002E-02
         784  -2.26522446       2.80091204E-02   3.59999985E-02
         786   0.00000000       0.00000000       0.00000000    
         788   0.00000000       0.00000000       0.00000000    
         790   0.00000000       0.00000000       0.00000000    
         792  -6.62236214       1.05189346E-02   1.20000001E-02
         794  -2.33766675       2.33781841E-02   3.59999985E-02
         796  -2.23882866       2.98704132E-02   3.59999985E-02
         798  -6.62236214       1.05189346E-02   1.20000001E-02
         800   0.00000000       0.00000000       0.00000000    
         802   0.00000000       0.00000000       0.00000000    
         804  -6.62236214       1.05189346E-02   1.20000001E-02
         806   0.00000000       0.00000000       0.00000000    
         808   0.00000000       0.00000000       0.00000000    
         810   0.00000000       0.00000000       0.00000000    
         812   0.00000000       0.00000000       0.00000000    
         814  -6.62236214       1.05189346E-02   1.20000001E-02
         816   0.00000000       0.00000000       0.00000000    
         818  -3.43129086       1.58392321E-02   2.40000002E-02
         820   0.00000000       0.00000000       0.00000000    
         822  -6.62236214       1.05189346E-02   1.20000001E-02
         824   0.00000000       0.00000000       0.00000000    
         826   0.00000000       0.00000000       0.00000000    
         828  -3.32882929       2.04757396E-02   2.40000002E-02
         830  -6.62236214       1.05189346E-02   1.20000001E-02
         832  -6.62236214       1.05189346E-02   1.20000001E-02
         834   0.00000000       0.00000000       0.00000000    
         836  -1.91453934       2.17157863E-02   4.80000004E-02
         838   0.00000000       0.00000000       0.00000000    
         840   0.00000000       0.00000000       0.00000000    
         842  -3.35634589       1.91736389E-02   2.40000002E-02
         844   0.00000000       0.00000000       0.00000000    
         846  -6.62236214       1.05189346E-02   1.20000001E-02
         848  -3.63924718       9.11899563E-03   2.40000002E-02
         850   0.00000000       0.00000000       0.00000000    
         852  -6.62236214       1.05189346E-02   1.20000001E-02
         854  -6.62236214       1.05189346E-02   1.20000001E-02
         856   0.00000000       0.00000000       0.00000000    
         858  -6.62236214       1.05189346E-02   1.20000001E-02
         860  -6.62236214       1.05189346E-02   1.20000001E-02
         862   0.00000000       0.00000000       0.00000000    
         864   0.00000000       0.00000000       0.00000000    
         866  -3.73411345       8.67706072E-03   2.40000002E-02
         868   0.00000000       0.00000000       0.00000000    
         870  -3.44738817       1.51693914E-02   2.40000002E-02
         872  -6.62236214       1.05189346E-02   1.20000001E-02
         874  -3.32882929       2.04757396E-02   2.40000002E-02
         876   0.00000000       0.00000000       0.00000000    
         878   0.00000000       0.00000000       0.00000000    
         880   0.00000000       0.00000000       0.00000000    
         882   0.00000000       0.00000000       0.00000000    
         884   0.00000000       0.00000000       0.00000000    
         886  -6.62236214       1.05189346E-02   1.20000001E-02
         888  -2.29391861       2.60829534E-02   3.59999985E-02
         890   0.00000000       0.00000000       0.00000000    
         892   0.00000000       0.00000000       0.00000000    
         894  -3.49744010       1.32117262E-02   2.40000002E-02
         896  -2.80867243      -5.92729659E-04   3.59999985E-02
         898  -2.37703204       2.03192029E-02   3.59999985E-02
         900  -6.62236214       1.05189346E-02   1.20000001E-02
         902   0.00000000       0.00000000       0.00000000    
         904  -3.39913297       1.72289405E-02   2.40000002E-02
         906   0.00000000       0.00000000       0.00000000    
         908  -6.62236214       1.05189346E-02   1.20000001E-02
         910   0.00000000       0.00000000       0.00000000    
         912  -6.62236214       1.05189346E-02   1.20000001E-02
         914  -3.36936831       1.85709950E-02   2.40000002E-02
         916  -6.62236214       1.05189346E-02   1.20000001E-02
         918  -3.32882929       2.04757396E-02   2.40000002E-02
         920   0.00000000       0.00000000       0.00000000    
         922  -6.62236214       1.05189346E-02   1.20000001E-02
         924   0.00000000       0.00000000       0.00000000    
         926   0.00000000       0.00000000       0.00000000    
         928   0.00000000       0.00000000       0.00000000    
         930  -6.62236214       1.05189346E-02   1.20000001E-02
         932  -6.62236214       1.05189346E-02   1.20000001E-02
         934   0.00000000       0.00000000       0.00000000    
         936  -6.62236214       1.05189346E-02   1.20000001E-02
         938   0.00000000       0.00000000       0.00000000    
         940  -6.62236214       1.05189346E-02   1.20000001E-02
         942  -3.37172413       1.84629522E-02   2.40000002E-02
         944   0.00000000       0.00000000       0.00000000    
         946   0.00000000       0.00000000       0.00000000    
         948  -2.37904882       2.11438239E-02   3.59999985E-02
         950  -6.62236214       1.05189346E-02   1.20000001E-02
         952  -3.36630583       1.87118985E-02   2.40000002E-02
         954  -3.32882929       2.04757396E-02   2.40000002E-02
         956  -3.38703513       1.77682806E-02   2.40000002E-02
         958  -6.62236214       1.05189346E-02   1.20000001E-02
         960  -6.62236214       1.05189346E-02   1.20000001E-02
         962   0.00000000       0.00000000       0.00000000    
         964  -6.62236214       1.05189346E-02   1.20000001E-02
         966   0.00000000       0.00000000       0.00000000    
         968  -6.62236214       1.05189346E-02   1.20000001E-02
         970  -6.62236214       1.05189346E-02   1.20000001E-02
         972   0.00000000       0.00000000       0.00000000    
         974  -6.62236214       1.05189346E-02   1.20000001E-02
         976  -1.46245754      0.112356670       5.99999987E-02
         978   0.00000000       0.00000000       0.00000000    
         980  -6.62236214       1.05189346E-02   1.20000001E-02
         982  -3.53143811       1.20066693E-02   2.40000002E-02
         984   0.00000000       0.00000000       0.00000000    
         986  -6.62236214       1.05189346E-02   1.20000001E-02
         988  -6.62236214       1.05189346E-02   1.20000001E-02
         990  -6.62236214       1.05189346E-02   1.20000001E-02
         992   0.00000000       0.00000000       0.00000000    
         994   0.00000000       0.00000000       0.00000000    
         996   0.00000000       0.00000000       0.00000000    
         998  -3.32882929       2.04757396E-02   2.40000002E-02
        1000  -6.62236214       1.05189346E-02   1.20000001E-02
        1002  -2.26941228       2.77213603E-02   3.59999985E-02
        1004  -6.62236214       1.05189346E-02   1.20000001E-02
        1006  -2.23882866       2.98704132E-02   3.59999985E-02
        1008  -6.62236214       1.05189346E-02   1.20000001E-02
        1010  -2.18264031       1.56002380E-02   4.80000004E-02
        1012  -6.62236214       1.05189346E-02   1.20000001E-02
        1014  -3.32882929       2.04757396E-02   2.40000002E-02
        1016  -6.62236214       1.05189346E-02   1.20000001E-02
        1018  -6.62236214       1.05189346E-02   1.20000001E-02
        1020   0.00000000       0.00000000       0.00000000    
        1022  -2.23882866       2.98704132E-02   3.59999985E-02
        1024  -1.87579679       7.89942667E-02   4.80000004E-02
        1026  -6.62236214       1.05189346E-02   1.20000001E-02
        1028  -2.28615856       2.65930761E-02   3.59999985E-02
        1030  -3.32882929       2.04757396E-02   2.40000002E-02
        1032   0.00000000       0.00000000       0.00000000    
        1034  -6.62236214       1.05189346E-02   1.20000001E-02
        1036  -2.30042577       2.56617665E-02   3.59999985E-02
        1038  -3.32882929       2.04757396E-02   2.40000002E-02
        1040  -2.23882866       2.98704132E-02   3.59999985E-02
        1042  -3.32882929       2.04757396E-02   2.40000002E-02
        1044   0.00000000       0.00000000       0.00000000    
        1046  -6.62236214       1.05189346E-02   1.20000001E-02
        1048  -6.62236214       1.05189346E-02   1.20000001E-02
        1050  -6.62236214       1.05189346E-02   1.20000001E-02
        1052  -3.36746764       1.86583847E-02   2.40000002E-02
        1054   0.00000000       0.00000000       0.00000000    
        1056   0.00000000       0.00000000       0.00000000    
        1058   0.00000000       0.00000000       0.00000000    
        1060  -6.62236214       1.05189346E-02   1.20000001E-02
        1062  -6.62236214       1.05189346E-02   1.20000001E-02
        1064  -6.62236214       1.05189346E-02   1.20000001E-02
        1066  -3.32882929       2.04757396E-02   2.40000002E-02
        1068   0.00000000       0.00000000       0.00000000    
        1070   0.00000000       0.00000000       0.00000000    
        1072   0.00000000       0.00000000       0.00000000    
        1074  -3.32882929       2.04757396E-02   2.40000002E-02
        1076  -6.62236214       1.05189346E-02   1.20000001E-02
        1078  -6.62236214       1.05189346E-02   1.20000001E-02
        1080   0.00000000       0.00000000       0.00000000    
        1082   0.00000000       0.00000000       0.00000000    
        1084  -6.62236214       1.05189346E-02   1.20000001E-02
        1086   0.00000000       0.00000000       0.00000000    
        1088  -3.32882929       2.04757396E-02   2.40000002E-02
        1090  -6.62236214       1.05189346E-02   1.20000001E-02
        1092   0.00000000       0.00000000       0.00000000    
        1094  -3.82758570       2.29890570E-02   2.40000002E-02
        1096   0.00000000       0.00000000       0.00000000    
        1098   0.00000000       0.00000000       0.00000000    
        1100   0.00000000       0.00000000       0.00000000    
        1102  -6.62236214       1.05189346E-02   1.20000001E-02
        1104   0.00000000       0.00000000       0.00000000    
        1106   0.00000000       0.00000000       0.00000000    
        1108   0.00000000       0.00000000       0.00000000    
        1110  -6.62236214       1.05189346E-02   1.20000001E-02
        1112  -6.62236214       1.05189346E-02   1.20000001E-02
        1114   0.00000000       0.00000000       0.00000000    
        1116  -6.62236214       1.05189346E-02   1.20000001E-02
        1118   0.00000000       0.00000000       0.00000000    
        1120  -3.39576292       1.73783079E-02   2.40000002E-02
        1122  -6.62236214       1.05189346E-02   1.20000001E-02
        1124  -6.62236214       1.05189346E-02   1.20000001E-02
        1126   0.00000000       0.00000000       0.00000000    
        1128  -2.49578881       1.36115337E-02   3.59999985E-02
        1130   0.00000000       0.00000000       0.00000000    
        1132  -6.62236214       1.05189346E-02   1.20000001E-02
        1134   0.00000000       0.00000000       0.00000000    
        1136  -6.62236214       1.05189346E-02   1.20000001E-02
        1138  -6.62236214       1.05189346E-02   1.20000001E-02
        1140  -6.62236214       1.05189346E-02   1.20000001E-02
        1142  -6.62236214       1.05189346E-02   1.20000001E-02
        1144  -3.32882929       2.04757396E-02   2.40000002E-02
        1146   0.00000000       0.00000000       0.00000000    
        1148   0.00000000       0.00000000       0.00000000    
        1150  -6.62236214       1.05189346E-02   1.20000001E-02
        1152   0.00000000       0.00000000       0.00000000    
        1154  -6.62236214       1.05189346E-02   1.20000001E-02
        1156  -6.62236214       1.05189346E-02   1.20000001E-02
        1158   0.00000000       0.00000000       0.00000000    
        1160  -6.62236214       1.05189346E-02   1.20000001E-02
        1162  -6.62236214       1.05189346E-02   1.20000001E-02
        1164  -6.62236214       1.05189346E-02   1.20000001E-02
        1166  -3.32882929       2.04757396E-02   2.40000002E-02
        1168  -3.44104695       1.54310912E-02   2.40000002E-02
        1170  -3.32882929       2.04757396E-02   2.40000002E-02
        1172  -6.62236214       1.05189346E-02   1.20000001E-02
        1174  -6.62236214       1.05189346E-02   1.20000001E-02
        1176  -6.62236214       1.05189346E-02   1.20000001E-02
        1178  -3.32882929       2.04757396E-02   2.40000002E-02
        1180   0.00000000       0.00000000       0.00000000    
        1182  -2.27669573       2.72261687E-02   3.59999985E-02
        1184   0.00000000       0.00000000       0.00000000    
        1186   0.00000000       0.00000000       0.00000000    
        1188   0.00000000       0.00000000       0.00000000    
        1190  -6.62236214       1.05189346E-02   1.20000001E-02
        1192  -3.32882929       2.04757396E-02   2.40000002E-02
        1194  -3.32882929       2.04757396E-02   2.40000002E-02
        1196  -3.32882929       2.04757396E-02   2.40000002E-02
        1198   0.00000000       0.00000000       0.00000000    
        1200  -2.23882866       2.98704132E-02   3.59999985E-02
        1202  -6.62236214       1.05189346E-02   1.20000001E-02
        1204   0.00000000       0.00000000       0.00000000    
        1206   0.00000000       0.00000000       0.00000000    
        1208  -6.62236214       1.05189346E-02   1.20000001E-02
        1210  -6.62236214       1.05189346E-02   1.20000001E-02
        1212   0.00000000       0.00000000       0.00000000    
        1214   0.00000000       0.00000000       0.00000000    
        1216   0.00000000       0.00000000       0.00000000    
        1218  -3.81928158       1.47593506E-02   2.40000002E-02
        1220   0.00000000       0.00000000       0.00000000    
        1222   0.00000000       0.00000000       0.00000000    
        1224  -6.62236214       1.05189346E-02   1.20000001E-02
        1226  -2.50795889       1.80497672E-02   3.59999985E-02
        1228  -6.62236214       1.05189346E-02   1.20000001E-02
        1230   0.00000000       0.00000000       0.00000000    
        1232  -3.64878440       8.95645935E-03   2.40000002E-02
        1234  -3.32882929       2.04757396E-02   2.40000002E-02
        1236   0.00000000       0.00000000       0.00000000    
        1238  -6.62236214       1.05189346E-02   1.20000001E-02
        1240  -2.27262139       2.75023505E-02   3.59999985E-02
        1242  -3.40487218       1.69761423E-02   2.40000002E-02
        1244  -6.62236214       1.05189346E-02   1.20000001E-02
        1246   0.00000000       0.00000000       0.00000000    
        1248  -6.62236214       1.05189346E-02   1.20000001E-02
        1250  -6.62236214       1.05189346E-02   1.20000001E-02
        1252   0.00000000       0.00000000       0.00000000    
        1254  -6.62236214       1.05189346E-02   1.20000001E-02
        1256  -6.62236214       1.05189346E-02   1.20000001E-02
        1258  -3.32882929       2.04757396E-02   2.40000002E-02
        1260  -6.62236214       1.05189346E-02   1.20000001E-02
        1262  -3.32882929       2.04757396E-02   2.40000002E-02
        1264  -2.28139877       2.69100275E-02   3.59999985E-02
        1266  -2.23882866       2.98704132E-02   3.59999985E-02
        1268   0.00000000       0.00000000       0.00000000    
        1270  -6.62236214       1.05189346E-02   1.20000001E-02
        1272  -6.62236214       1.05189346E-02   1.20000001E-02
        1274  -3.32882929       2.04757396E-02   2.40000002E-02
        1276  -3.44703674       1.51838167E-02   2.40000002E-02
        1278  -3.32882929       2.04757396E-02   2.40000002E-02
        1280  -3.32882929       2.04757396E-02   2.40000002E-02
        1282  -2.18823576       3.76176536E-02   4.80000004E-02
        1284  -1.74562800       3.44144180E-02   4.80000004E-02
        1286   0.00000000       0.00000000       0.00000000    
        1288   0.00000000       0.00000000       0.00000000    
        1290   0.00000000       0.00000000       0.00000000    
        1292  -3.32882929       2.04757396E-02   2.40000002E-02
        1294  -3.32882929       2.04757396E-02   2.40000002E-02
        1296   0.00000000       0.00000000       0.00000000    
        1298  -3.48879528       1.35352099E-02   2.40000002E-02
        1300  -6.62236214       1.05189346E-02   1.20000001E-02
        1302   0.00000000       0.00000000       0.00000000    
        1304  -6.62236214       1.05189346E-02   1.20000001E-02
        1306   0.00000000       0.00000000       0.00000000    
        1308   0.00000000       0.00000000       0.00000000    
        1310   0.00000000       0.00000000       0.00000000    
        1312   0.00000000       0.00000000       0.00000000    
        1314  -6.62236214       1.05189346E-02   1.20000001E-02
        1316   0.00000000       0.00000000       0.00000000    
        1318  -6.62236214       1.05189346E-02   1.20000001E-02
        1320  -6.62236214       1.05189346E-02   1.20000001E-02
        1322  -3.32882929       2.04757396E-02   2.40000002E-02
        1324   0.00000000       0.00000000       0.00000000    
        1326  -6.62236214       1.05189346E-02   1.20000001E-02
        1328  -3.37582850       1.82754416E-02   2.40000002E-02
        1330  -6.62236214       1.05189346E-02   1.20000001E-02
        1332   0.00000000       0.00000000       0.00000000    
        1334   0.00000000       0.00000000       0.00000000    
        1336  -3.81870461       2.82781962E-02   2.40000002E-02
        1338  -6.62236214       1.05189346E-02   1.20000001E-02
        1340   0.00000000       0.00000000       0.00000000    
        1342   0.00000000       0.00000000       0.00000000    
        1344  -3.32882929       2.04757396E-02   2.40000002E-02
        1346   0.00000000       0.00000000       0.00000000    
        1348  -3.53733039       8.51097032E-02   2.40000002E-02
        1350   0.00000000       0.00000000       0.00000000    
        1352  -6.62236214       1.05189346E-02   1.20000001E-02
        1354  -6.62236214       1.05189346E-02   1.20000001E-02
        1356   0.00000000       0.00000000       0.00000000    
        1358  -2.32648158       5.31211980E-02   4.80000004E-02
        1360  -2.23882866       2.98704132E-02   3.59999985E-02
        1362   0.00000000       0.00000000       0.00000000    
        1364  -6.62236214       1.05189346E-02   1.20000001E-02
        1366   0.00000000       0.00000000       0.00000000    
        1368  -6.62236214       1.05189346E-02   1.20000001E-02
        1370  -6.62236214       1.05189346E-02   1.20000001E-02
        1372  -6.62236214       1.05189346E-02   1.20000001E-02
        1374  -6.62236214       1.05189346E-02   1.20000001E-02
        1376   0.00000000       0.00000000       0.00000000    
        1378  -3.81839395       1.45431142E-02   2.40000002E-02
        1380  -6.62236214       1.05189346E-02   1.20000001E-02
        1382  -3.76921034       4.27739508E-02   2.40000002E-02
        1384  -6.62236214       1.05189346E-02   1.20000001E-02
        1386  -3.82882857       2.05341075E-02   2.40000002E-02
        1388  -2.26276660       2.81790029E-02   3.59999985E-02
        1390  -3.32882929       2.04757396E-02   2.40000002E-02
        1392   0.00000000       0.00000000       0.00000000    
        1394  -6.62236214       1.05189346E-02   1.20000001E-02
        1396  -6.62236214       1.05189346E-02   1.20000001E-02
        1398   0.00000000       0.00000000       0.00000000    
        1400  -3.32882929       2.04757396E-02   2.40000002E-02
        1402  -3.81678247       1.41815785E-02   2.40000002E-02
        1404  -6.62236214       1.05189346E-02   1.20000001E-02
        1406  -6.62236214       1.05189346E-02   1.20000001E-02
        1408   0.00000000       0.00000000       0.00000000    
        1410   0.00000000       0.00000000       0.00000000    
        1412  -6.62236214       1.05189346E-02   1.20000001E-02
        1414   0.00000000       0.00000000       0.00000000    
        1416   0.00000000       0.00000000       0.00000000    
        1418   0.00000000       0.00000000       0.00000000    
        1420  -2.84164405       6.57782853E-02   3.59999985E-02
        1422  -3.32882929       2.04757396E-02   2.40000002E-02
        1424  -6.62236214       1.05189346E-02   1.20000001E-02
        1426   0.00000000       0.00000000       0.00000000    
        1428   0.00000000       0.00000000       0.00000000    
        1430   0.00000000       0.00000000       0.00000000    
        1432   0.00000000       0.00000000       0.00000000    
        1434   0.00000000       0.00000000       0.00000000    
        1436  -6.62236214       1.05189346E-02   1.20000001E-02
        1438   0.00000000       0.00000000       0.00000000    
        1440   0.00000000       0.00000000       0.00000000    
        1442   0.00000000       0.00000000       0.00000000    
        1444  -6.62236214       1.05189346E-02   1.20000001E-02
        1446  -6.62236214       1.05189346E-02   1.20000001E-02
        1448  -6.62236214       1.05189346E-02   1.20000001E-02
        1450  -2.49988937       1.64169557E-02   3.59999985E-02
        1452   0.00000000       0.00000000       0.00000000    
        1454   0.00000000       0.00000000       0.00000000    
        1456   0.00000000       0.00000000       0.00000000    
        1458  -6.62236214       1.05189346E-02   1.20000001E-02
        1460   0.00000000       0.00000000       0.00000000    
        1462  -6.62236214       1.05189346E-02   1.20000001E-02
        1464  -2.26839995       2.77907215E-02   3.59999985E-02
        1466   0.00000000       0.00000000       0.00000000    
        1468   0.00000000       0.00000000       0.00000000    
        1470  -6.62236214       1.05189346E-02   1.20000001E-02
        1472   0.00000000       0.00000000       0.00000000    
        1474  -3.32882929       2.04757396E-02   2.40000002E-02
        1476   0.00000000       0.00000000       0.00000000    
        1478  -1.91838801       2.77265813E-02   4.80000004E-02
        1480   0.00000000       0.00000000       0.00000000    
        1482  -6.62236214       1.05189346E-02   1.20000001E-02
        1484  -6.62236214       1.05189346E-02   1.20000001E-02
        1486  -1.61724722       5.54604456E-02   5.99999987E-02
        1488   0.00000000       0.00000000       0.00000000    
        1490   0.00000000       0.00000000       0.00000000    
        1492   0.00000000       0.00000000       0.00000000    
        1494  -6.62236214       1.05189346E-02   1.20000001E-02
        1496  -6.62236214       1.05189346E-02   1.20000001E-02
        1498  -3.32882929       2.04757396E-02   2.40000002E-02
        1500  -3.40086126       1.71526019E-02   2.40000002E-02
        1502   0.00000000       0.00000000       0.00000000    
        1504  -2.53812885       5.01086824E-02   3.59999985E-02
        1506   0.00000000       0.00000000       0.00000000    
        1508  -6.62236214       1.05189346E-02   1.20000001E-02
        1510   0.00000000       0.00000000       0.00000000    
        1512  -6.62236214       1.05189346E-02   1.20000001E-02
        1514  -2.23882866       2.98704132E-02   3.59999985E-02
        1516  -2.30787826       2.51870286E-02   3.59999985E-02
        1518  -3.32882929       2.04757396E-02   2.40000002E-02
        1520   0.00000000       0.00000000       0.00000000    
        1522   0.00000000       0.00000000       0.00000000    
        1524   0.00000000       0.00000000       0.00000000    
        1526  -3.32882929       2.04757396E-02   2.40000002E-02
        1528  -2.23882866       2.98704132E-02   3.59999985E-02
        1530   0.00000000       0.00000000       0.00000000    
        1532  -6.62236214       1.05189346E-02   1.20000001E-02
        1534  -3.63281727       9.23921727E-03   2.40000002E-02
        1536  -6.62236214       1.05189346E-02   1.20000001E-02
        1538  -3.32882929       2.04757396E-02   2.40000002E-02
        1540  -1.24075139       5.14205918E-02   8.39999989E-02
        1542  -6.62236214       1.05189346E-02   1.20000001E-02
        1544   0.00000000       0.00000000       0.00000000    
        1546   0.00000000       0.00000000       0.00000000    
        1548  -3.44790411       1.51482159E-02   2.40000002E-02
        1550   0.00000000       0.00000000       0.00000000    
        1552  -6.62236214       1.05189346E-02   1.20000001E-02
        1554  -3.64562464       9.00814589E-03   2.40000002E-02
        1556  -2.05807090       1.39862150E-02   4.80000004E-02
        1558   0.00000000       0.00000000       0.00000000    
        1560  -3.32882929       2.04757396E-02   2.40000002E-02
        1562   0.00000000       0.00000000       0.00000000    
        1564   0.00000000       0.00000000       0.00000000    
        1566  -6.62236214       1.05189346E-02   1.20000001E-02
        1568  -6.62236214       1.05189346E-02   1.20000001E-02
        1570  -6.62236214       1.05189346E-02   1.20000001E-02
        1572  -2.51254034       1.81555655E-02   3.59999985E-02
        1574  -6.62236214       1.05189346E-02   1.20000001E-02
        1576   0.00000000       0.00000000       0.00000000    
        1578  -3.80456376       1.22309467E-02   2.40000002E-02
        1580   0.00000000       0.00000000       0.00000000    
        1582  -6.62236214       1.05189346E-02   1.20000001E-02
        1584   0.00000000       0.00000000       0.00000000    
        1586  -6.62236214       1.05189346E-02   1.20000001E-02
        1588   0.00000000       0.00000000       0.00000000    
        1590   0.00000000       0.00000000       0.00000000    
        1592  -6.62236214       1.05189346E-02   1.20000001E-02
        1594  -2.36972046       2.16151010E-02   3.59999985E-02
        1596  -6.62236214       1.05189346E-02   1.20000001E-02
        1598  -3.48334026       1.37426415E-02   2.40000002E-02
        1600  -6.62236214       1.05189346E-02   1.20000001E-02
        1602   0.00000000       0.00000000       0.00000000    
        1604   0.00000000       0.00000000       0.00000000    
        1606  -6.62236214       1.05189346E-02   1.20000001E-02
        1608  -6.62236214       1.05189346E-02   1.20000001E-02
        1610   0.00000000       0.00000000       0.00000000    
        1612  -6.62236214       1.05189346E-02   1.20000001E-02
        1614  -6.62236214       1.05189346E-02   1.20000001E-02
        1616  -6.62236214       1.05189346E-02   1.20000001E-02
        1618   0.00000000       0.00000000       0.00000000    
        1620  -6.62236214       1.05189346E-02   1.20000001E-02
        1622  -6.62236214       1.05189346E-02   1.20000001E-02
        1624   0.00000000       0.00000000       0.00000000    
        1626   0.00000000       0.00000000       0.00000000    
        1628  -6.62236214       1.05189346E-02   1.20000001E-02
        1630  -6.62236214       1.05189346E-02   1.20000001E-02
        1632  -6.62236214       1.05189346E-02   1.20000001E-02
        1634  -2.27377486       2.74239443E-02   3.59999985E-02
        1636  -6.62236214       1.05189346E-02   1.20000001E-02
        1638   0.00000000       0.00000000       0.00000000    
        1640   0.00000000       0.00000000       0.00000000    
        1642  -6.62236214       1.05189346E-02   1.20000001E-02
        1644   0.00000000       0.00000000       0.00000000    
        1646  -6.62236214       1.05189346E-02   1.20000001E-02
        1648  -6.62236214       1.05189346E-02   1.20000001E-02
        1650  -6.62236214       1.05189346E-02   1.20000001E-02
        1652  -6.62236214       1.05189346E-02   1.20000001E-02
        1654  -3.43140602       1.58343781E-02   2.40000002E-02
        1656   0.00000000       0.00000000       0.00000000    
        1658   0.00000000       0.00000000       0.00000000    
        1660  -3.32882929       2.04757396E-02   2.40000002E-02
        1662   0.00000000       0.00000000       0.00000000    
        1664  -6.62236214       1.05189346E-02   1.20000001E-02
        1666  -6.62236214       1.05189346E-02   1.20000001E-02
        1668   0.00000000       0.00000000       0.00000000    
        1670  -6.62236214       1.05189346E-02   1.20000001E-02
        1672  -3.36188436       1.89162306E-02   2.40000002E-02
        1674  -6.62236214       1.05189346E-02   1.20000001E-02
        1676   0.00000000       0.00000000       0.00000000    
        1678  -6.62236214       1.05189346E-02   1.20000001E-02
        1680  -6.62236214       1.05189346E-02   1.20000001E-02
        1682  -6.62236214       1.05189346E-02   1.20000001E-02
        1684   0.00000000       0.00000000       0.00000000    
        1686  -6.62236214       1.05189346E-02   1.20000001E-02
        1688  -3.32882929       2.04757396E-02   2.40000002E-02
        1690  -6.62236214       1.05189346E-02   1.20000001E-02
        1692  -6.62236214       1.05189346E-02   1.20000001E-02
        1694   0.00000000       0.00000000       0.00000000    
        1696   0.00000000       0.00000000       0.00000000    
        1698  -3.37420678       1.83494221E-02   2.40000002E-02
        1700   0.00000000       0.00000000       0.00000000    
        1702  -6.62236214       1.05189346E-02   1.20000001E-02
        1704  -6.62236214       1.05189346E-02   1.20000001E-02
        1706  -3.35779142       1.91062950E-02   2.40000002E-02
        1708  -6.62236214       1.05189346E-02   1.20000001E-02
        1710   0.00000000       0.00000000       0.00000000    
        1712   0.00000000       0.00000000       0.00000000    
        1714  -6.62236214       1.05189346E-02   1.20000001E-02
        1716  -3.38730145       1.77563168E-02   2.40000002E-02
        1718   0.00000000       0.00000000       0.00000000    
        1720   0.00000000       0.00000000       0.00000000    
        1722  -6.62236214       1.05189346E-02   1.20000001E-02
        1724   0.00000000       0.00000000       0.00000000    
        1726  -3.47680044       1.39945969E-02   2.40000002E-02
        1728  -2.33736229       8.06247722E-03   4.80000004E-02
        1730  -3.61589432       9.59331542E-03   2.40000002E-02
        1732  -6.62236214       1.05189346E-02   1.20000001E-02
        1734  -2.04490209       1.14285769E-02   4.80000004E-02
        1736   0.00000000       0.00000000       0.00000000    
        1738   0.00000000       0.00000000       0.00000000    
        1740  -6.62236214       1.05189346E-02   1.20000001E-02
        1742  -3.32882929       2.04757396E-02   2.40000002E-02
        1744   0.00000000       0.00000000       0.00000000    
        1746   0.00000000       0.00000000       0.00000000    
        1748   0.00000000       0.00000000       0.00000000    
        1750   0.00000000       0.00000000       0.00000000    
        1752  -6.62236214       1.05189346E-02   1.20000001E-02
        1754   0.00000000       0.00000000       0.00000000    
        1756   0.00000000       0.00000000       0.00000000    
        1758   0.00000000       0.00000000       0.00000000    
        1760  -6.62236214       1.05189346E-02   1.20000001E-02
        1762  -3.32882929       2.04757396E-02   2.40000002E-02
        1764  -6.62236214       1.05189346E-02   1.20000001E-02
        1766  -3.36453915       1.87934134E-02   2.40000002E-02
        1768  -6.62236214       1.05189346E-02   1.20000001E-02
        1770   0.00000000       0.00000000       0.00000000    
        1772  -6.62236214       1.05189346E-02   1.20000001E-02
        1774   0.00000000       0.00000000       0.00000000    
        1776  -6.62236214       1.05189346E-02   1.20000001E-02
        1778  -6.62236214       1.05189346E-02   1.20000001E-02
        1780   0.00000000       0.00000000       0.00000000    
        1782   0.00000000       0.00000000       0.00000000    
        1784  -6.62236214       1.05189346E-02   1.20000001E-02
        1786  -6.62236214       1.05189346E-02   1.20000001E-02
        1788   0.00000000       0.00000000       0.00000000    
        1790   0.00000000       0.00000000       0.00000000    
        1792  -3.32882929       2.04757396E-02   2.40000002E-02
        1794  -3.44138145       1.54172191E-02   2.40000002E-02
        1796  -6.62236214       1.05189346E-02   1.20000001E-02
        1798  -3.32882929       2.04757396E-02   2.40000002E-02
        1800  -3.32882929       2.04757396E-02   2.40000002E-02
        1802  -6.62236214       1.05189346E-02   1.20000001E-02
        1804   0.00000000       0.00000000       0.00000000    
        1806  -6.62236214       1.05189346E-02   1.20000001E-02
        1808  -2.26366591       2.81167552E-02   3.59999985E-02
        1810  -3.32882929       2.04757396E-02   2.40000002E-02
        1812   0.00000000       0.00000000       0.00000000    
        1814  -6.62236214       1.05189346E-02   1.20000001E-02
        1816  -3.42873931       1.59470420E-02   2.40000002E-02
        1818  -6.62236214       1.05189346E-02   1.20000001E-02
        1820   0.00000000       0.00000000       0.00000000    
        1822  -6.62236214       1.05189346E-02   1.20000001E-02
        1824  -6.62236214       1.05189346E-02   1.20000001E-02
        1826   0.00000000       0.00000000       0.00000000    
        1828  -6.62236214       1.05189346E-02   1.20000001E-02
        1830  -6.62236214       1.05189346E-02   1.20000001E-02
        1832  -3.45821595       1.47292521E-02   2.40000002E-02
        1834  -6.62236214       1.05189346E-02   1.20000001E-02
        1836   0.00000000       0.00000000       0.00000000    
        1838  -2.23882866       2.98704132E-02   3.59999985E-02
        1840   0.00000000       0.00000000       0.00000000    
        1842   0.00000000       0.00000000       0.00000000    
        1844  -6.62236214       1.05189346E-02   1.20000001E-02
        1846  -3.32882929       2.04757396E-02   2.40000002E-02
        1848   0.00000000       0.00000000       0.00000000    
        1850  -2.37639713       2.04890016E-02   3.59999985E-02
        1852  -1.87388992       2.15639882E-02   5.99999987E-02
        1854   0.00000000       0.00000000       0.00000000    
        1856  -6.62236214       1.05189346E-02   1.20000001E-02
        1858   0.00000000       0.00000000       0.00000000    
        1860  -3.32882929       2.04757396E-02   2.40000002E-02
        1862  -3.60416079       7.42195696E-02   2.40000002E-02
        1864   0.00000000       0.00000000       0.00000000    
        1866  -3.32882929       2.04757396E-02   2.40000002E-02
        1868  -6.62236214       1.05189346E-02   1.20000001E-02
        1870   0.00000000       0.00000000       0.00000000    
        1872  -6.62236214       1.05189346E-02   1.20000001E-02
        1874  -3.53558636       1.18675316E-02   2.40000002E-02
        1876   0.00000000       0.00000000       0.00000000    
        1878  -3.32882929       2.04757396E-02   2.40000002E-02
        1880   0.00000000       0.00000000       0.00000000    
        1882  -3.32882929       2.04757396E-02   2.40000002E-02
        1884   0.00000000       0.00000000       0.00000000    
        1886  -6.62236214       1.05189346E-02   1.20000001E-02
        1888  -6.62236214       1.05189346E-02   1.20000001E-02
        1890   0.00000000       0.00000000       0.00000000    
        1892  -3.35694432       1.91457439E-02   2.40000002E-02
        1894   0.00000000       0.00000000       0.00000000    
        1896   0.00000000       0.00000000       0.00000000    
        1898  -3.42838645       1.59619898E-02   2.40000002E-02
        1900   0.00000000       0.00000000       0.00000000    
        1902  -2.25986171       2.83807162E-02   3.59999985E-02
        1904  -3.71554899       8.50342400E-03   2.40000002E-02
        1906  -3.32882929       2.04757396E-02   2.40000002E-02
        1908   0.00000000       0.00000000       0.00000000    
        1910   0.00000000       0.00000000       0.00000000    
        1912  -3.32882929       2.04757396E-02   2.40000002E-02
        1914  -6.62236214       1.05189346E-02   1.20000001E-02
        1916  -2.26566100       2.79790256E-02   3.59999985E-02
        1918   0.00000000       0.00000000       0.00000000    
        1920   0.00000000       0.00000000       0.00000000    
        1922  -6.62236214       1.05189346E-02   1.20000001E-02
        1924   0.00000000       0.00000000       0.00000000    
        1926  -2.65233135       7.66071752E-02   3.59999985E-02
        1928  -3.32882929       2.04757396E-02   2.40000002E-02
        1930  -6.62236214       1.05189346E-02   1.20000001E-02
        1932  -6.62236214       1.05189346E-02   1.20000001E-02
        1934  -3.32882929       2.04757396E-02   2.40000002E-02
        1936  -6.62236214       1.05189346E-02   1.20000001E-02
        1938  -3.32882929       2.04757396E-02   2.40000002E-02
        1940  -1.69971120       3.87029573E-02   4.80000004E-02
        1942  -2.53322124       5.18839657E-02   3.59999985E-02
        1944  -3.32882929       2.04757396E-02   2.40000002E-02
        1946   0.00000000       0.00000000       0.00000000    
        1948  -6.62236214       1.05189346E-02   1.20000001E-02
        1950  -3.32882929       2.04757396E-02   2.40000002E-02
        1952   0.00000000       0.00000000       0.00000000    
        1954  -6.62236214       1.05189346E-02   1.20000001E-02
        1956  -6.62236214       1.05189346E-02   1.20000001E-02
        1958  -3.32882929       2.04757396E-02   2.40000002E-02
        1960  -3.44613791       1.52207613E-02   2.40000002E-02
        1962  -6.62236214       1.05189346E-02   1.20000001E-02
        1964  -6.62236214       1.05189346E-02   1.20000001E-02
        1966  -6.62236214       1.05189346E-02   1.20000001E-02
        1968  -2.31508493       2.47360226E-02   3.59999985E-02
        1970   0.00000000       0.00000000       0.00000000    
        1972  -6.62236214       1.05189346E-02   1.20000001E-02
        1974  -1.87996888       2.26857290E-02   4.80000004E-02
        1976  -2.42155218       1.92934629E-02   3.59999985E-02
        1978   0.00000000       0.00000000       0.00000000    
        1980  -3.36452699       1.87939778E-02   2.40000002E-02
        1982  -6.62236214       1.05189346E-02   1.20000001E-02
        1984   0.00000000       0.00000000       0.00000000    
        1986   0.00000000       0.00000000       0.00000000    
        1988  -3.32882929       2.04757396E-02   2.40000002E-02
        1990  -6.62236214       1.05189346E-02   1.20000001E-02
        1992   0.00000000       0.00000000       0.00000000    
        1994   0.00000000       0.00000000       0.00000000    
        1996  -6.62236214       1.05189346E-02   1.20000001E-02
        1998  -6.62236214       1.05189346E-02   1.20000001E-02
        2000  -3.32882929       2.04757396E-02   2.40000002E-02
