           2  -5.23413229      0.713105440      0.875999987    
           4  -5.20546627      0.655370593      0.875999987    
           6  -5.17521238       1.06271088      0.875999987    
           8  -5.07791901       1.18538773      0.875999987    
          10  -5.04204988       1.15523314      0.875999987    
          12  -5.21551275      0.514437258      0.875999987    
          14  -5.13857698       1.22536123      0.875999987    
          16  -5.22738028      0.714739561      0.875999987    
          18  -5.39987326      -3.47303450E-02  0.875999987    
          20  -5.45060492       4.82325144E-02  0.875999987    
          22  -5.34371614      0.389335483      0.875999987    
          24  -5.41443110     -0.177719995      0.875999987    
          26  -5.38576031       8.57981220E-02  0.875999987    
          28  -5.42766142     -0.314190954      0.875999987    
          30  -5.43595791     -0.153050870      0.875999987    
          32  -5.41400290      0.237074837      0.875999987    
          34  -5.31840229      0.891989529      0.875999987    
          36  -5.15303373       1.70391738      0.875999987    
          38  -5.24334145      0.989342868      0.864000022    
          40  -5.31745338      0.753004134      0.864000022    
          42  -5.33915997      0.494747043      0.864000022    
          44  -5.32085800      0.547380567      0.864000022    
          46  -5.23796225      0.985300004      0.864000022    
          48  -5.16153526       1.44626415      0.864000022    
          50  -5.18839788      0.993468583      0.864000022    
          52  -5.19075441       1.04212487      0.864000022    
          54  -5.19562531       1.11300969      0.864000022    
          56  -5.30678988      0.542811453      0.864000022    
          58  -5.25022316       1.02798080      0.864000022    
          60  -5.23859501      0.994256556      0.864000022    
          62  -5.17324924       1.30704916      0.864000022    
          64  -5.18563318       1.27988625      0.864000022    
          66  -5.21718884      0.787028074      0.864000022    
          68  -5.22920418      0.800137103      0.864000022    
          70  -5.33040476      0.400965035      0.864000022    
          72  -5.35582161      0.288188249      0.864000022    
          74  -5.31090212      0.334553897      0.864000022    
          76  -5.20010900      0.872405410      0.864000022    
          78  -5.30525255      0.237837836      0.864000022    
          80  -5.23350763      0.525172949      0.864000022    
          82  -5.18770885       1.11863947      0.864000022    
          84  -5.22062922      0.984492421      0.864000022    
          86  -5.29499817      0.601593614      0.864000022    
          88  -5.27053404      0.255696476      0.864000022    
          90  -5.29678583      0.475291967      0.864000022    
          92  -5.19686890      0.687548280      0.864000022    
          94  -5.27929831      -2.12343801E-02  0.864000022    
          96  -5.06536293       1.18845749      0.864000022    
          98  -5.09655666      0.824312747      0.864000022    
         100  -5.18695164      0.437478751      0.864000022    
         102  -5.20082474      0.289984286      0.864000022    
         104  -5.20197153      0.411787570      0.864000022    
         106  -5.02962160       1.33243823      0.864000022    
         108  -5.09810305       1.01311517      0.864000022    
         110  -5.24601078      0.293686241      0.864000022    
         112  -5.13850117      0.709560633      0.864000022    
         114  -5.20362329      0.609779716      0.864000022    
         116  -5.29113102      0.418263108      0.864000022    
         118  -5.32561541      0.296647668      0.864000022    
         120  -5.32750940      0.342665195      0.864000022    
         122  -5.38974428     -0.228733659      0.864000022    
         124  -5.37462950      0.217136711      0.864000022    
         126  -5.32821798      0.332468867      0.864000022    
         128  -5.27852631      0.806674838      0.864000022    
         130  -5.23107195       1.14837313      0.864000022    
         132  -5.40107679      0.341588289      0.864000022    
         134  -5.38934422      0.371446580      0.864000022    
         136  -5.33910084      0.797957122      0.864000022    
         138  -5.24464417       1.01360273      0.864000022    
         140  -5.30200100      0.763660491      0.864000022    
         142  -5.27031660      0.919766247      0.864000022    
         144  -5.32763004      0.519281566      0.864000022    
         146  -5.42953110      0.116678186      0.864000022    
         148  -5.22062349       1.22357392      0.864000022    
         150  -5.20150566      0.837580979      0.864000022    
         152  -5.36969042      -2.75060032E-02  0.864000022    
         154  -5.35969067      0.370067716      0.864000022    
         156  -5.34128666      0.633392751      0.864000022    
         158  -5.25339794      0.954429448      0.864000022    
         160  -5.35566998      0.658332944      0.864000022    
         162  -5.21893263      0.904056728      0.864000022    
         164  -5.30260563      0.595051706      0.864000022    
         166  -5.32034063      0.428593665      0.864000022    
         168  -5.38050938       7.61248693E-02  0.864000022    
         170  -5.43933630     -0.222652450      0.864000022    
         172  -5.42191935     -0.487516612      0.864000022    
         174  -5.42467928     -0.397413552      0.864000022    
         176  -5.34446955     -0.119901456      0.864000022    
         178  -5.32543135      -3.31065282E-02  0.864000022    
         180  -5.35171652     -0.211032480      0.864000022    
         182  -5.25681591      0.224257335      0.864000022    
         184  -5.32747459     -0.219009757      0.864000022    
         186  -5.32658672     -0.260330021      0.864000022    
         188  -5.29367065      -4.05655317E-02  0.864000022    
         190  -5.27501822      -8.41847807E-02  0.864000022    
         192  -5.38281727     -0.371582568      0.864000022    
         194  -5.25588274      0.246310472      0.864000022    
         196  -5.27235413     -0.273135513      0.864000022    
         198  -5.37032223     -0.473192185      0.864000022    
         200  -5.31233549     -0.310501903      0.864000022    
         202  -5.36690807     -0.630811393      0.864000022    
         204  -5.30569649     -0.133905217      0.864000022    
         206  -5.19727659      0.312125117      0.864000022    
         208  -5.07561302      0.787245929      0.864000022    
         210  -5.25801420     -0.131623268      0.864000022    
         212  -5.12268114      0.793520629      0.864000022    
         214  -5.10988617       1.30054069      0.875999987    
         216  -5.07917356       1.64549446      0.875999987    
         218  -5.20662642       1.04588234      0.875999987    
         220  -5.16354561       1.25904226      0.875999987    
         222  -5.19814491       1.15316308      0.875999987    
         224  -5.11911631       1.24360096      0.875999987    
         226  -5.21052694      0.837179184      0.875999987    
         228  -5.21801853      0.704177439      0.875999987    
         230  -5.17148447       1.06811082      0.875999987    
         232  -5.06657553       1.53427196      0.875999987    
         234  -5.07826090       1.44040287      0.875999987    
         236  -5.15102291       1.01881051      0.875999987    
         238  -5.18736506      0.841378927      0.875999987    
         240  -5.20122671      0.883824289      0.875999987    
         242  -5.13292027       1.10205173      0.875999987    
         244  -5.02123165       1.59807479      0.875999987    
         246  -5.19002056      0.834861934      0.875999987    
         248  -5.27069521      0.243185908      0.875999987    
         250  -5.26216459      0.433310062      0.875999987    
         252  -5.25883055      0.615002871      0.875999987    
         254  -5.38972235      -3.17308456E-02  0.875999987    
         256  -5.37563276      -1.19563993E-02  0.875999987    
         258  -5.24490499      0.640612543      0.875999987    
         260  -5.23801565      0.956195593      0.875999987    
         262  -5.06598425       1.71711028      0.875999987    
         264  -5.23027468       1.11316264      0.875999987    
         266  -5.13679075       1.30674756      0.875999987    
         268  -5.21696520      0.705047369      0.875999987    
         270  -5.21136713       1.09344912      0.875999987    
         272  -5.22060299       1.10277343      0.875999987    
         274  -5.19844151       1.34970045      0.875999987    
         276  -5.10990429       1.83680511      0.875999987    
         278  -5.21850538       1.35296106      0.875999987    
         280  -5.21729565       1.50971663      0.875999987    
         282  -5.11087227       1.84144592      0.875999987    
         284  -5.20120001       1.62919593      0.875999987    
         286  -5.21316242       2.05646086      0.875999987    
         288  -5.12431145       2.08424664      0.888000011    
         290  -5.27376652       1.15929615      0.888000011    
         292  -5.38660622      0.788257182      0.888000011    
         294  -5.25634241       1.44861376      0.888000011    
         296  -5.30580473       1.27023864      0.888000011    
         298  -5.23309708       1.60168326      0.888000011    
         300  -5.21837854       1.64306378      0.888000011    
         302  -5.30391169       1.18912411      0.888000011    
         304  -5.34146357      0.900562823      0.888000011    
         306  -5.39549875      0.862937629      0.888000011    
         308  -5.36757803      0.850965023      0.888000011    
         310  -5.33151436       1.06629860      0.888000011    
         312  -5.41085529      0.609812677      0.888000011    
         314  -5.31936073       1.03244102      0.888000011    
         316  -5.28930521       1.18160808      0.888000011    
         318  -5.32552385      0.962118804      0.888000011    
         320  -5.15437651       1.75882888      0.888000011    
         322  -5.36317253      0.499214888      0.888000011    
         324  -5.30111647      0.674959302      0.888000011    
         326  -5.23039389       1.08554518      0.888000011    
         328  -5.15924692       1.50129282      0.888000011    
         330  -5.22342110      0.994242966      0.888000011    
         332  -5.10260201       1.85418499      0.888000011    
         334  -5.19584656       1.20690858      0.888000011    
         336  -5.28648376      0.592067659      0.888000011    
         338  -5.30297136      0.566523194      0.888000011    
         340  -5.31909180      0.668583632      0.888000011    
         342  -5.35725498      0.621220052      0.888000011    
         344  -5.26961517       1.15099478      0.888000011    
         346  -5.38540840      0.477979183      0.888000011    
         348  -5.39870787      0.164917752      0.888000011    
         350  -5.37851667      0.433908463      0.888000011    
         352  -5.36231947      0.684854090      0.888000011    
         354  -5.32311249      0.786868215      0.888000011    
         356  -5.38665152      0.403578013      0.888000011    
         358  -5.43346071      0.299729794      0.888000011    
         360  -5.26832962       1.14098942      0.888000011    
         362  -5.17652559       1.78036511      0.888000011    
         364  -5.33383083      0.994018257      0.888000011    
         366  -5.31106615      0.885744154      0.888000011    
         368  -5.37137842      0.686805785      0.888000011    
         370  -5.26431894       1.36584771      0.888000011    
         372  -5.27873325       1.44017434      0.888000011    
         374  -5.35014820       1.00000143      0.888000011    
         376  -5.30650520       1.32056189      0.888000011    
         378  -5.22501135       1.60058856      0.888000011    
         380  -5.39782810      0.983073473      0.888000011    
         382  -5.41191578      0.706797123      0.888000011    
         384  -5.47287083      0.338059723      0.888000011    
         386  -5.29846954       1.25191748      0.888000011    
         388  -5.28377056       1.42517757      0.888000011    
         390  -5.39781141      0.937263906      0.888000011    
         392  -5.33221340       1.24350762      0.888000011    
         394  -5.49888563      0.495176107      0.888000011    
         396  -5.59877777     -0.153651282      0.888000011    
         398  -5.53677750      0.154767036      0.888000011    
         400  -5.43261957      0.498032600      0.888000011    
         402  -5.40954685      0.707009912      0.888000011    
         404  -5.47025394      0.391980946      0.888000011    
         406  -5.31560421       1.50665641      0.888000011    
         408  -5.31463671       1.43899214      0.888000011    
         410  -5.29062510       1.40076435      0.888000011    
         412  -5.45406437      0.765086770      0.888000011    
         414  -5.40933895       1.28916419      0.888000011    
         416  -5.39137888      0.941116691      0.888000011    
         418  -5.40698624      0.889434516      0.888000011    
         420  -5.38124514       1.11836386      0.888000011    
         422  -5.36400032      0.730357170      0.888000011    
         424  -5.49809790      0.268544465      0.888000011    
         426  -5.47613430      0.114202589      0.888000011    
         428  -5.55570126     -0.113818489      0.888000011    
         430  -5.38602209      0.559214592      0.888000011    
         432  -5.32400084      0.787126184      0.888000011    
         434  -5.38092041      0.664335191      0.888000011    
         436  -5.46486759      0.343947232      0.888000011    
         438  -5.39905977      0.631483793      0.888000011    
         440  -5.15719175       1.65510154      0.888000011    
         442  -5.27462435       1.27397370      0.888000011    
         444  -5.22365904       1.70164013      0.888000011    
         446  -5.23629618       1.55869365      0.888000011    
         448  -5.13524008       2.03196478      0.888000011    
         450  -5.14475346       2.03862667      0.888000011    
         452  -5.34437132       1.00524199      0.888000011    
         454  -5.19306374       1.78456318      0.888000011    
         456  -5.21129274       1.56282794      0.888000011    
         458  -5.20321846       1.59113753      0.888000011    
         460  -5.28743792       1.24560452      0.888000011    
         462  -5.38190174       1.08352983      0.888000011    
         464  -5.28868675       1.40613878      0.888000011    
         466  -5.24427843       1.83697903      0.888000011    
         468  -5.22024965       2.17559314      0.888000011    
         470  -5.15103960       2.83648443      0.888000011    
         472  -5.25771236       2.01049042      0.888000011    
         474  -5.22593069       1.68476343      0.888000011    
         476  -5.38629723      0.772889793      0.888000011    
         478  -5.24835253       1.50392425      0.888000011    
         480  -5.12286758       2.16390157      0.888000011    
         482  -5.27752733       1.52303147      0.899999976    
         484  -5.08398104       2.54724360      0.899999976    
         486  -5.21815252       2.14000320      0.899999976    
         488  -5.10709476       2.82007647      0.899999976    
         490  -5.11442614       2.69541407      0.899999976    
         492  -5.16805220       2.59129477      0.899999976    
         494  -5.32170153       1.37790954      0.899999976    
         496  -5.32574177       1.35965288      0.899999976    
         498  -5.34527922       1.30831349      0.899999976    
         500  -5.37061596       1.24652660      0.899999976    
         502  -5.29038000       1.58993077      0.899999976    
         504  -5.28834534       1.36662400      0.899999976    
         506  -5.06241941       2.46488476      0.899999976    
         508  -5.35644865       1.32864130      0.899999976    
         510  -5.28721142       1.64457655      0.899999976    
         512  -5.18859625       1.87858009      0.899999976    
         514  -5.27823544       1.15666604      0.899999976    
         516  -5.33974504       1.27232540      0.899999976    
         518  -5.39958906      0.627019346      0.899999976    
         520  -5.28559685       1.55924058      0.899999976    
         522  -5.31116581       1.19446683      0.899999976    
         524  -5.22899437       1.54564607      0.899999976    
         526  -5.21884584       1.59038460      0.899999976    
         528  -5.26038265       1.46812975      0.899999976    
         530  -5.05394316       2.15689039      0.899999976    
         532  -5.07131863       2.09966660      0.899999976    
         534  -5.38191032      0.554508626      0.899999976    
         536  -5.34000492      0.604891360      0.899999976    
         538  -5.33657932      0.406979233      0.899999976    
         540  -5.26739597      0.959297121      0.899999976    
         542  -5.23120880      0.864021957      0.899999976    
         544  -5.22130203      0.999948442      0.899999976    
         546  -5.23409367      0.917460501      0.899999976    
         548  -5.47346973     -0.419246286      0.899999976    
         550  -5.42335558     -0.209305704      0.899999976    
         552  -5.46116686      -2.78066341E-02  0.899999976    
         554  -5.47540426     -0.234729886      0.899999976    
         556  -5.35453510      -4.61737774E-02  0.899999976    
         558  -5.41165161     -0.187001929      0.899999976    
         560  -5.35113478      0.394780189      0.899999976    
         562  -5.44601917      -7.30871409E-02  0.899999976    
         564  -5.37616634      0.266193837      0.899999976    
         566  -5.44256258      -3.49553451E-02  0.899999976    
         568  -5.39558887      0.577086806      0.899999976    
         570  -5.39462662      0.925646782      0.912000000    
         572  -5.45543051      0.832293153      0.912000000    
         574  -5.36919975       1.12922454      0.912000000    
         576  -5.38008547       1.01546776      0.912000000    
         578  -5.43686152      0.884687424      0.912000000    
         580  -5.34832430       1.20128977      0.912000000    
         582  -5.26782274       1.43498492      0.912000000    
         584  -5.28657198       1.46089840      0.912000000    
         586  -5.20553255       1.72708249      0.912000000    
         588  -5.33291864       1.36895645      0.912000000    
         590  -5.26077318       1.54383898      0.912000000    
         592  -5.20025969       1.81559992      0.912000000    
         594  -5.38303757      0.628068030      0.912000000    
         596  -5.38845205      0.720391452      0.912000000    
         598  -5.37979412      0.637318254      0.912000000    
         600  -5.26605320       1.18336904      0.912000000    
         602  -5.40538931      0.752585590      0.912000000    
         604  -5.37089634       1.06868207      0.912000000    
         606  -5.32228088       1.30743968      0.912000000    
         608  -5.26356745       1.76005447      0.912000000    
         610  -5.39879704       1.24025214      0.912000000    
         612  -5.31852007       1.57746100      0.912000000    
         614  -5.37046242      0.990251124      0.912000000    
         616  -5.29941607       1.45405459      0.912000000    
         618  -5.24652481       1.57697904      0.912000000    
         620  -5.38573360      0.961355805      0.912000000    
         622  -5.35454798       1.16603577      0.912000000    
         624  -5.43025303      0.614149928      0.899999976    
         626  -5.41860247      0.879076064      0.899999976    
         628  -5.35033989      0.766210735      0.899999976    
         630  -5.34871006      0.987827897      0.899999976    
         632  -5.36258316       1.11934149      0.899999976    
         634  -5.32931662      0.860619485      0.899999976    
         636  -5.43186760      0.286555320      0.899999976    
         638  -5.35764027      0.853576362      0.899999976    
         640  -5.26159668       1.22444713      0.899999976    
         642  -5.28465605       1.33467329      0.899999976    
         644  -5.37346745       1.05225861      0.899999976    
         646  -5.27058935       1.61616218      0.899999976    
         648  -5.27255630       1.72797751      0.899999976    
         650  -5.36166954       1.39383876      0.899999976    
         652  -5.38505602       1.19714439      0.899999976    
         654  -5.41514969       1.25649917      0.899999976    
         656  -5.39857721       1.27691865      0.899999976    
         658  -5.46349239      0.833879054      0.899999976    
         660  -5.41892481      0.964133739      0.899999976    
         662  -5.47984123      0.521085918      0.899999976    
         664  -5.42459106      0.560541630      0.899999976    
         666  -5.31748533       1.01518798      0.899999976    
         668  -5.38027000      0.775919855      0.899999976    
         670  -5.36406946      0.958428681      0.899999976    
         672  -5.46700907      0.307357103      0.899999976    
         674  -5.38156033      0.719743371      0.899999976    
         676  -5.30048800      0.997836351      0.899999976    
         678  -5.28721428       1.34524250      0.899999976    
         680  -5.13539600       1.98959899      0.899999976    
         682  -5.05986118       2.25838184      0.899999976    
         684  -5.05583143       2.33369040      0.899999976    
         686  -5.19493532       1.56791925      0.899999976    
         688  -5.20241451       1.40413010      0.899999976    
         690  -5.19359446       1.57440901      0.899999976    
         692  -5.16574717       2.03693795      0.899999976    
         694  -5.20939302       1.97220862      0.899999976    
         696  -5.19527054       1.85983562      0.899999976    
         698  -5.21855640       1.51581717      0.899999976    
         700  -5.17610836       1.73197436      0.899999976    
         702  -5.21412802       1.46479130      0.899999976    
         704  -5.17127705       1.47775829      0.899999976    
         706  -5.23689556       1.48391104      0.899999976    
         708  -5.25595951       1.53812218      0.899999976    
         710  -5.32554388      0.991239071      0.899999976    
         712  -5.24768162       1.26179063      0.899999976    
         714  -5.27613783       1.09881985      0.899999976    
         716  -5.27584934       1.28201461      0.899999976    
         718  -5.30734634       1.24072289      0.899999976    
         720  -5.31309319       1.34934783      0.899999976    
         722  -5.38086462       1.12314177      0.899999976    
         724  -5.28631544       1.55163658      0.899999976    
         726  -5.34197569       1.05466115      0.899999976    
         728  -5.26587677       1.34562969      0.899999976    
         730  -5.26624346       1.73066974      0.899999976    
         732  -5.31965208       1.44674659      0.899999976    
         734  -5.30021811       1.57556832      0.899999976    
         736  -5.28590965       1.53681147      0.899999976    
         738  -5.33798790       1.14446199      0.899999976    
         740  -5.29877901       1.41629338      0.899999976    
         742  -5.26946878       1.37300718      0.899999976    
         744  -5.31530333       1.44769621      0.899999976    
         746  -5.40047693      0.827696204      0.899999976    
         748  -5.27846479       1.32568157      0.899999976    
         750  -5.37807369      0.848440349      0.899999976    
         752  -5.47620344      0.655108809      0.899999976    
         754  -5.50873184      0.286888540      0.899999976    
         756  -5.38116503      0.811385632      0.899999976    
         758  -5.37277555      0.773102105      0.899999976    
         760  -5.40590286      0.721823156      0.899999976    
         762  -5.23757696       1.63318563      0.899999976    
         764  -5.34487009       1.01734602      0.899999976    
         766  -5.35735178      0.804866314      0.899999976    
         768  -5.34030819       1.05030072      0.899999976    
         770  -5.37373590       1.02305758      0.899999976    
         772  -5.40169954      0.725038230      0.899999976    
         774  -5.41087341      0.714648008      0.899999976    
         776  -5.31610250       1.06700182      0.899999976    
         778  -5.45923662      0.571035504      0.899999976    
         780  -5.21141720       1.88568914      0.899999976    
         782  -5.17021179       2.20232105      0.899999976    
         784  -5.33736706       1.37416375      0.899999976    
         786  -5.32609177       1.38001800      0.899999976    
         788  -5.32643938       1.62600470      0.899999976    
         790  -5.29741478       1.60643268      0.899999976    
         792  -5.31505775       1.19715023      0.899999976    
         794  -5.29368734       1.29953992      0.899999976    
         796  -5.34422588       1.06834078      0.899999976    
         798  -5.45072460      0.216972306      0.899999976    
         800  -5.29089260       1.18417001      0.899999976    
         802  -5.32269907      0.733981192      0.899999976    
         804  -5.35036421      0.524863899      0.899999976    
         806  -5.37010717      0.396267831      0.899999976    
         808  -5.31697655      0.563532293      0.899999976    
         810  -5.25264311      0.813552976      0.899999976    
         812  -5.29554892       1.19286907      0.899999976    
         814  -5.15761375       1.90655947      0.899999976    
         816  -5.36269426      0.723287582      0.899999976    
         818  -5.23616314       1.08389044      0.899999976    
         820  -5.27654743       1.19291401      0.899999976    
         822  -5.27673912       1.04144537      0.899999976    
         824  -5.28670406       1.13489664      0.899999976    
         826  -5.30251932       1.12005758      0.899999976    
         828  -5.37358618      0.765457928      0.899999976    
         830  -5.30349541      0.903320253      0.899999976    
         832  -5.28589487      0.737724662      0.899999976    
         834  -5.28920412      0.675045073      0.899999976    
         836  -5.29097509      0.609249592      0.899999976    
         838  -5.25411463      0.980957270      0.899999976    
         840  -5.41666508      0.147516504      0.899999976    
         842  -5.42715168      0.259645164      0.899999976    
         844  -5.37486410      0.664151609      0.899999976    
         846  -5.15168095       1.83829212      0.899999976    
         848  -5.31546354      0.847916842      0.899999976    
         850  -5.26651621       1.04915762      0.899999976    
         852  -5.32877874      0.705913842      0.899999976    
         854  -5.33914518      0.763283074      0.899999976    
         856  -5.40559387      0.471693814      0.899999976    
         858  -5.26099110       1.50313616      0.899999976    
         860  -5.28674269       1.22243321      0.899999976    
         862  -5.32717323      0.965740621      0.899999976    
         864  -5.37478495      0.795455098      0.899999976    
         866  -5.37062454      0.815672338      0.899999976    
         868  -5.26606655       1.30936301      0.899999976    
         870  -5.32628775       1.29312241      0.899999976    
         872  -5.37538338       1.20879555      0.899999976    
         874  -5.37978363       1.12988722      0.899999976    
         876  -5.34645796       1.21834850      0.899999976    
         878  -5.29772043       1.16160500      0.899999976    
         880  -5.46415567      0.483039945      0.899999976    
         882  -5.40744162      0.553673029      0.899999976    
         884  -5.34853792      0.889551997      0.899999976    
         886  -5.21242762       1.67486084      0.899999976    
         888  -5.32194471       1.08575130      0.899999976    
         890  -5.44815493      0.321281523      0.899999976    
         892  -5.40819311      0.576635838      0.899999976    
         894  -5.46299314      0.490327001      0.899999976    
         896  -5.46427011      0.704691410      0.899999976    
         898  -5.29070711       1.55217493      0.899999976    
         900  -5.33706999       1.19390130      0.899999976    
         902  -5.38624048       1.32691991      0.899999976    
         904  -5.37338018       1.46703959      0.899999976    
         906  -5.49709797       1.06300509      0.899999976    
         908  -5.46916437      0.968937337      0.899999976    
         910  -5.48892784       1.11868227      0.899999976    
         912  -5.48819399       1.17510486      0.899999976    
         914  -5.27207756       2.19614434      0.912000000    
         916  -5.35315132       1.90777493      0.912000000    
         918  -5.33898735       2.08623767      0.912000000    
         920  -5.50283241       1.22798276      0.912000000    
         922  -5.41184759       1.80647993      0.912000000    
         924  -5.24983454       2.40846252      0.912000000    
         926  -5.21830893       2.46498823      0.912000000    
         928  -5.23155260       2.72857189      0.912000000    
         930  -5.22806168       2.78812599      0.912000000    
         932  -5.32047844       2.31575680      0.912000000    
         934  -5.39291668       2.07877588      0.912000000    
         936  -5.48188210       1.58317590      0.912000000    
         938  -5.48994207       1.56391168      0.912000000    
         940  -5.58306170      0.680423260      0.912000000    
         942  -5.61490059      0.511810601      0.912000000    
         944  -5.61812162      0.688975632      0.912000000    
         946  -5.55386353       1.28304732      0.912000000    
         948  -5.38568544       1.98495507      0.912000000    
         950  -5.53053713       1.11257935      0.912000000    
         952  -5.40773487       1.69844615      0.912000000    
         954  -5.59280014      0.786585212      0.912000000    
         956  -5.40167379       1.75798464      0.912000000    
         958  -5.37210894       1.76283419      0.912000000    
         960  -5.39050150       1.67066884      0.912000000    
         962  -5.53736353       1.13542438      0.912000000    
         964  -5.49857616       1.76833165      0.912000000    
         966  -5.39053059       2.01574826      0.912000000    
         968  -5.32194233       2.39061046      0.912000000    
         970  -5.47492504       1.55951643      0.912000000    
         972  -5.39168692       1.99567604      0.912000000    
         974  -5.46066618       1.54303205      0.912000000    
         976  -5.49592876       2.04339862      0.912000000    
         978  -5.47905827       1.38492477      0.912000000    
         980  -5.56780338      0.938456476      0.912000000    
         982  -5.54527903       1.28399110      0.912000000    
         984  -5.47922611       1.55478907      0.912000000    
         986  -5.44048786       1.68204677      0.912000000    
         988  -5.44565821       1.50430214      0.912000000    
         990  -5.41194439       1.57770336      0.912000000    
         992  -5.38672209       2.10962200      0.912000000    
         994  -5.30389977       1.96120942      0.912000000    
         996  -5.28741884       1.97670674      0.912000000    
         998  -5.35854530       1.56367946      0.912000000    
        1000  -5.39405346       1.62544465      0.912000000    
        1002  -5.49775648       1.04297936      0.912000000    
        1004  -5.45427275       1.46566749      0.912000000    
        1006  -5.50019836       1.02431464      0.912000000    
        1008  -5.43220425       1.32102048      0.912000000    
        1010  -5.37951517       1.77161872      0.912000000    
        1012  -5.23728228       2.57104135      0.912000000    
        1014  -5.16329050       2.55699420      0.912000000    
        1016  -5.34030008       1.76787817      0.912000000    
        1018  -5.36163425       1.70403659      0.912000000    
        1020  -5.34934950       1.69056690      0.912000000    
        1022  -5.45097065       1.02778578      0.912000000    
        1024  -5.42506981       1.28576124      0.912000000    
        1026  -5.36422348       1.61810982      0.924000025    
        1028  -5.42349386       1.35945880      0.924000025    
        1030  -5.37423849       1.82809591      0.924000025    
        1032  -5.32224894       2.09958124      0.924000025    
        1034  -5.37409019       1.96213377      0.924000025    
        1036  -5.44805336       1.93028021      0.924000025    
        1038  -5.38411045       2.57066727      0.924000025    
        1040  -5.44818354       2.10328341      0.924000025    
        1042  -5.48619795       1.99593258      0.924000025    
        1044  -5.48207092       2.00507641      0.924000025    
        1046  -5.67749453      0.558130503      0.924000025    
        1048  -5.55247784       1.06719840      0.924000025    
        1050  -5.50814486       1.77552283      0.924000025    
        1052  -5.44045925       2.03448510      0.924000025    
        1054  -5.52443552       1.57974148      0.924000025    
        1056  -5.50009871       1.86898816      0.924000025    
        1058  -5.49105406       1.65048420      0.924000025    
        1060  -5.48405743       1.58988845      0.924000025    
        1062  -5.51436090       1.47470057      0.924000025    
        1064  -5.58026361       1.16896224      0.924000025    
        1066  -5.38681936       2.51079464      0.924000025    
        1068  -5.53576803       1.68904030      0.924000025    
        1070  -5.56303358       1.30948687      0.924000025    
        1072  -5.48714781       1.67983890      0.924000025    
        1074  -5.46770477       1.93568385      0.924000025    
        1076  -5.42465830       2.22746134      0.924000025    
        1078  -5.40653181       2.41956997      0.924000025    
        1080  -5.53798151       1.66288841      0.924000025    
        1082  -5.43903875       1.94150186      0.924000025    
        1084  -5.44921827       2.05199814      0.924000025    
        1086  -5.52071524       1.65919530      0.924000025    
        1088  -5.54147053       1.13714504      0.924000025    
        1090  -5.46135187       1.74355912      0.924000025    
        1092  -5.58937597       1.12483275      0.924000025    
        1094  -5.64395809      0.941053033      0.924000025    
        1096  -5.45885754       1.99483418      0.924000025    
        1098  -5.50437307       1.82629550      0.924000025    
        1100  -5.53479862       1.57986259      0.924000025    
        1102  -5.44202852       2.24762964      0.924000025    
        1104  -5.51939583       1.52925801      0.924000025    
        1106  -5.53106356       1.54904604      0.924000025    
        1108  -5.54070234       1.11293018      0.924000025    
        1110  -5.63308573      0.765433371      0.924000025    
        1112  -5.49692965       1.64233351      0.924000025    
        1114  -5.47078133       1.90603316      0.924000025    
        1116  -5.47715521       2.06522536      0.924000025    
        1118  -5.45691633       1.98787260      0.924000025    
        1120  -5.54898691       1.57559836      0.924000025    
        1122  -5.43313980       2.14220738      0.924000025    
        1124  -5.41614866       2.25404978      0.924000025    
        1126  -5.58010435       1.37672424      0.924000025    
        1128  -5.61658001       1.33294463      0.924000025    
        1130  -5.63635015       1.35104799      0.924000025    
        1132  -5.65135670       1.11028302      0.924000025    
        1134  -5.63432598       1.06013167      0.924000025    
        1136  -5.51790333       1.98644543      0.924000025    
        1138  -5.51946402       1.87335575      0.924000025    
        1140  -5.57817745       1.56507742      0.924000025    
        1142  -5.50910664       2.10910416      0.924000025    
        1144  -5.70556641       1.26737809      0.924000025    
        1146  -5.60217333       1.62320340      0.924000025    
        1148  -5.60782051       1.75326610      0.924000025    
        1150  -5.66618538       1.32241845      0.924000025    
        1152  -5.67600918       1.11938345      0.924000025    
        1154  -5.64587164       1.29073155      0.924000025    
        1156  -5.59592867       1.60456061      0.924000025    
        1158  -5.61182833       1.41563392      0.924000025    
        1160  -5.50417852       2.21013689      0.924000025    
        1162  -5.60233688       1.59165680      0.924000025    
        1164  -5.61328840       1.68902957      0.924000025    
        1166  -5.47732639       2.26441503      0.924000025    
        1168  -5.62143087       1.56941903      0.924000025    
        1170  -5.57739162       2.01267409      0.924000025    
        1172  -5.67067051       1.42801094      0.924000025    
        1174  -5.64672756       1.50951099      0.924000025    
        1176  -5.66698074       1.33181798      0.924000025    
        1178  -5.57362127       2.08551669      0.935999990    
        1180  -5.53597164       2.05801082      0.935999990    
        1182  -5.52373934       2.34320426      0.935999990    
        1184  -5.63569498       1.58866286      0.935999990    
        1186  -5.43744946       2.94903970      0.935999990    
        1188  -5.51509285       2.71798587      0.935999990    
        1190  -5.59345198       1.86380196      0.935999990    
        1192  -5.68595362       1.50956941      0.935999990    
        1194  -5.72558689       1.64709246      0.935999990    
        1196  -5.54528618       2.58798194      0.935999990    
        1198  -5.46884871       3.04524088      0.935999990    
        1200  -5.54394770       2.17029738      0.935999990    
        1202  -5.52889776       2.04005909      0.935999990    
        1204  -5.58222866       1.71610785      0.935999990    
        1206  -5.60503292       1.53362668      0.935999990    
        1208  -5.55138254       1.81201625      0.935999990    
        1210  -5.51830626       2.17615604      0.935999990    
        1212  -5.40527439       2.83057976      0.935999990    
        1214  -5.23503113       3.80653787      0.935999990    
        1216  -5.38536930       2.74801159      0.935999990    
        1218  -5.43150377       2.34660649      0.935999990    
        1220  -5.43188334       1.95841157      0.935999990    
        1222  -5.54961348       1.60647035      0.935999990    
        1224  -5.55946779       1.16205466      0.935999990    
        1226  -5.44808769       1.42562830      0.935999990    
        1228  -5.52209520      0.930517077      0.935999990    
        1230  -5.66152477      0.298152208      0.935999990    
        1232  -5.64859343      0.680750370      0.935999990    
        1234  -5.61518240      0.827936411      0.935999990    
        1236  -5.52357817       1.04406643      0.935999990    
        1238  -5.65983152      0.880197525      0.935999990    
        1240  -5.49863100       1.81204605      0.935999990    
        1242  -5.48220110       1.60483825      0.935999990    
        1244  -5.52855730       1.22130311      0.935999990    
        1246  -5.54082632       1.19290829      0.935999990    
        1248  -5.51581049       1.42737138      0.935999990    
        1250  -5.53944302       1.09864140      0.935999990    
        1252  -5.61481047      0.916590095      0.935999990    
        1254  -5.69781113      0.419997245      0.935999990    
        1256  -5.71212816      0.327639252      0.935999990    
        1258  -5.60376549      0.531106114      0.935999990    
        1260  -5.23734426       2.18727398      0.935999990    
        1262  -5.39545202       1.25738275      0.935999990    
        1264  -5.35560131       1.51818609      0.935999990    
        1266  -5.46501780      0.818944335      0.935999990    
        1268  -5.47444868      0.763787150      0.935999990    
        1270  -5.45655537       1.13265371      0.935999990    
        1272  -5.43373585       1.22937024      0.935999990    
        1274  -5.47616243       1.04451716      0.935999990    
        1276  -5.43241549       1.24531627      0.935999990    
        1278  -5.42630720       1.31457424      0.935999990    
        1280  -5.39444685       1.34625673      0.935999990    
        1282  -5.38034916       1.54661405      0.935999990    
        1284  -5.34917068       1.60420108      0.935999990    
        1286  -5.42959785       1.21655846      0.935999990    
        1288  -5.30279636       1.92824066      0.935999990    
        1290  -5.29658127       1.79448891      0.935999990    
        1292  -5.39089155       1.40477896      0.935999990    
        1294  -5.30327082       1.97809649      0.935999990    
        1296  -5.45287037       1.44147611      0.935999990    
        1298  -5.59265661       1.30796742      0.948000014    
        1300  -5.40458536       2.19408441      0.948000014    
        1302  -5.44008493       1.96739018      0.948000014    
        1304  -5.62542677       1.23877358      0.948000014    
        1306  -5.62451887       1.34499943      0.948000014    
        1308  -5.63397551       1.34605896      0.948000014    
        1310  -5.49411726       2.21168923      0.948000014    
        1312  -5.49391556       2.28108168      0.948000014    
        1314  -5.55834055       2.01379299      0.948000014    
        1316  -5.55185509       1.82398546      0.948000014    
        1318  -5.68780470       1.12527096      0.948000014    
        1320  -5.67425585      0.783569098      0.948000014    
        1322  -5.71040440      0.737094700      0.959999979    
        1324  -5.61307096       1.46168649      0.959999979    
        1326  -5.64665699       1.54314554      0.959999979    
        1328  -5.72973394      0.981281459      0.959999979    
        1330  -5.78876019      0.832748771      0.959999979    
        1332  -5.68095446       1.34672189      0.959999979    
        1334  -5.67120790       1.31939268      0.959999979    
        1336  -5.68338966       1.48796523      0.959999979    
        1338  -5.70123529       1.35332441      0.959999979    
        1340  -5.68304968       1.06940496      0.959999979    
        1342  -5.60870409       1.53567505      0.959999979    
        1344  -5.51987600       2.13513017      0.959999979    
        1346  -5.50579548       2.15162754      0.959999979    
        1348  -5.56775856       1.96243382      0.959999979    
        1350  -5.49651527       2.30137992      0.959999979    
        1352  -5.57674599       1.69653845      0.959999979    
        1354  -5.48623562       1.99483132      0.959999979    
        1356  -5.57364273       1.34131396      0.959999979    
        1358  -5.59493876       1.26978028      0.959999979    
        1360  -5.75110245      0.620189667      0.959999979    
        1362  -5.61762667       1.19560087      0.959999979    
        1364  -5.55468893       1.88436663      0.959999979    
        1366  -5.68728733       1.25575542      0.959999979    
        1368  -5.75780916      0.978069067      0.959999979    
        1370  -5.69197226       1.42985368      0.959999979    
        1372  -5.74379492       1.15186441      0.959999979    
        1374  -5.67050457       1.70926929      0.959999979    
        1376  -5.61258602       1.92977488      0.959999979    
        1378  -5.67512131       1.41110098      0.959999979    
        1380  -5.62376022       1.67294860      0.959999979    
        1382  -5.56761980       1.69538903      0.959999979    
        1384  -5.53333139       1.69714010      0.959999979    
        1386  -5.55738211       1.62128115      0.959999979    
        1388  -5.57407045       1.58502638      0.959999979    
        1390  -5.47561789       2.08626080      0.959999979    
        1392  -5.35335588       2.74824595      0.959999979    
        1394  -5.50537348       2.24618697      0.959999979    
        1396  -5.48179960       1.96690118      0.959999979    
        1398  -5.59238195       1.45108914      0.959999979    
        1400  -5.64647770       1.40556443      0.959999979    
        1402  -5.61972332       1.55031681      0.959999979    
        1404  -5.72447109      0.822751641      0.959999979    
        1406  -5.63317537       1.25285947      0.959999979    
        1408  -5.65674829      0.877105236      0.959999979    
        1410  -5.62641478       1.26053798      0.959999979    
        1412  -5.75571680      0.448371917      0.959999979    
        1414  -5.73565865      0.646621406      0.959999979    
        1416  -5.64879036       1.53446400      0.959999979    
        1418  -5.70098400       1.09626698      0.959999979    
        1420  -5.55294895       1.82725668      0.959999979    
        1422  -5.51780272       1.89012718      0.959999979    
        1424  -5.58117723       1.54022074      0.959999979    
        1426  -5.73706913      0.798310935      0.959999979    
        1428  -5.49027491       2.48536372      0.959999979    
        1430  -5.55228424       2.33904171      0.959999979    
        1432  -5.44811535       3.00453663      0.959999979    
        1434  -5.45235729       2.99664283      0.959999979    
        1436  -5.64100409       2.29068136      0.959999979    
        1438  -5.62524796       2.00161862      0.959999979    
        1440  -5.53215551       2.62379956      0.959999979    
        1442  -5.63477230       2.16522336      0.959999979    
        1444  -5.70533514       1.67125833      0.959999979    
        1446  -5.54450178       2.52959323      0.959999979    
        1448  -5.41332436       3.51249957      0.959999979    
        1450  -5.67685413       1.97357261      0.959999979    
        1452  -5.68176985       1.77126968      0.959999979    
        1454  -5.75154591       1.05835211      0.959999979    
        1456  -5.58973312       1.78343201      0.959999979    
        1458  -5.68186951       1.19996631      0.959999979    
        1460  -5.77922535      0.801867843      0.959999979    
        1462  -5.84038639      0.295436621      0.959999979    
        1464  -5.74876881      0.909343421      0.959999979    
        1466  -5.77371311      0.590178013      0.959999979    
        1468  -5.69909382      0.930724025      0.959999979    
        1470  -5.66261959       1.12447071      0.959999979    
        1472  -5.56589031       1.79723251      0.959999979    
        1474  -5.58569860       1.90019977      0.959999979    
        1476  -5.75765133       1.02208841      0.959999979    
        1478  -5.74433374       1.13947821      0.959999979    
        1480  -5.73604965       1.09244466      0.959999979    
        1482  -5.71254015       1.36239350      0.959999979    
        1484  -5.83010530      0.706114054      0.959999979    
        1486  -5.73541737       1.24721396      0.959999979    
        1488  -5.73980713       1.15050030      0.959999979    
        1490  -5.75952244       1.06927049      0.959999979    
        1492  -5.70278311       1.46499240      0.959999979    
        1494  -5.54184580       2.24387026      0.959999979    
        1496  -5.61075830       2.06860352      0.959999979    
        1498  -5.55936432       2.05616999      0.959999979    
        1500  -5.50761223       2.28371048      0.959999979    
        1502  -5.43430710       2.52155328      0.959999979    
        1504  -5.50111914       2.24786234      0.959999979    
        1506  -5.57672405       2.07422996      0.959999979    
        1508  -5.56189346       1.88547385      0.959999979    
        1510  -5.52947903       2.29992270      0.959999979    
        1512  -5.57964563       2.14007926      0.959999979    
        1514  -5.78714371      0.728259385      0.959999979    
        1516  -5.73410416      0.839994550      0.959999979    
        1518  -5.74805784      0.694158137      0.959999979    
        1520  -5.82201672      0.397608459      0.959999979    
        1522  -5.69986153       1.26106811      0.959999979    
        1524  -5.66822147       1.20560157      0.959999979    
        1526  -5.55745745       1.86919880      0.959999979    
        1528  -5.53573513       2.04775977      0.959999979    
        1530  -5.65209866       1.43138003      0.959999979    
        1532  -5.47160959       2.39302850      0.959999979    
        1534  -5.51044226       2.58865428      0.959999979    
        1536  -5.68216753       1.43540108      0.959999979    
        1538  -5.60999966       1.72941124      0.959999979    
        1540  -5.54510021       1.81656957      0.959999979    
        1542  -5.49189091       2.34020519      0.959999979    
        1544  -5.40672970       2.94243908      0.959999979    
        1546  -5.35189867       3.22805071      0.959999979    
        1548  -5.50005388       2.42796016      0.959999979    
        1550  -5.44083738       2.56820869      0.959999979    
        1552  -5.45980167       2.50124955      0.959999979    
        1554  -5.53529549       1.90225327      0.959999979    
        1556  -5.52239799       1.87332261      0.959999979    
        1558  -5.57329798       1.51454175      0.959999979    
        1560  -5.60450315       1.59149921      0.959999979    
        1562  -5.47098017       2.31739426      0.959999979    
        1564  -5.53937197       1.82211435      0.959999979    
        1566  -5.57305050       1.73034501      0.959999979    
        1568  -5.50669336       1.92467880      0.959999979    
        1570  -5.46609926       2.17903495      0.959999979    
        1572  -5.53309965       2.12411594      0.959999979    
        1574  -5.63245773       1.80027771      0.959999979    
        1576  -5.58620787       2.04270387      0.959999979    
        1578  -5.62039614       1.86610115      0.959999979    
        1580  -5.59596682       2.12603855      0.959999979    
        1582  -5.55906296       2.40733743      0.959999979    
        1584  -5.52396488       2.66260290      0.959999979    
        1586  -5.51355934       2.67109346      0.959999979    
        1588  -5.56453848       2.41541290      0.959999979    
        1590  -5.55516148       2.90586114      0.959999979    
        1592  -5.61979055       2.43318152      0.959999979    
        1594  -5.69509840       1.81538832      0.959999979    
        1596  -5.73541451       1.68626332      0.959999979    
        1598  -5.72734308       1.72147584      0.959999979    
        1600  -5.70199108       2.02973509      0.959999979    
        1602  -5.57712698       2.48958302      0.959999979    
        1604  -5.55101824       2.50701571      0.959999979    
        1606  -5.56067324       2.71114779      0.959999979    
        1608  -5.55650425       2.77556801      0.959999979    
        1610  -5.52138996       2.93669009      0.959999979    
        1612  -5.56570292       2.54710960      0.959999979    
        1614  -5.57987785       2.41858912      0.959999979    
        1616  -5.55635357       2.66225529      0.959999979    
        1618  -5.63627720       2.28088832      0.959999979    
        1620  -5.58881855       2.35394907      0.959999979    
        1622  -5.70920563       1.79973090      0.959999979    
        1624  -5.63806581       1.86029649      0.959999979    
        1626  -5.65093803       1.92061758      0.959999979    
        1628  -5.77253628       1.52131867      0.959999979    
        1630  -5.67436600       2.43622684      0.959999979    
        1632  -5.63366747       2.57519197      0.959999979    
        1634  -5.64052868       2.32566333      0.959999979    
        1636  -5.68329763       2.11927986      0.959999979    
        1638  -5.61206675       2.51970005      0.959999979    
        1640  -5.64378834       2.44260001      0.959999979    
        1642  -5.76998091       2.06353474      0.959999979    
        1644  -5.71087646       2.26980543      0.959999979    
        1646  -5.62016726       2.68260193      0.959999979    
        1648  -5.78208494       1.80241382      0.959999979    
        1650  -5.71755600       2.12645197      0.959999979    
        1652  -5.70129728       2.14399242      0.959999979    
        1654  -5.66131687       2.37578034      0.959999979    
        1656  -5.59845448       2.79546809      0.959999979    
        1658  -5.69670105       2.15625691      0.959999979    
        1660  -5.66166449       2.20115685      0.959999979    
        1662  -5.63115931       1.96701014      0.959999979    
        1664  -5.67328215       1.67779183      0.959999979    
        1666  -5.67814970       1.87421823      0.959999979    
        1668  -5.66618443       2.07233286      0.959999979    
        1670  -5.71292877       1.77246702      0.959999979    
        1672  -5.77897072       1.30412459      0.959999979    
        1674  -5.74760151       1.52532077      0.959999979    
        1676  -5.77938795       1.47081208      0.959999979    
        1678  -5.83257771       1.35321748      0.959999979    
        1680  -5.86173868      0.975634217      0.959999979    
        1682  -5.78012419       1.75999677      0.959999979    
        1684  -5.75890970       2.02424431      0.959999979    
        1686  -5.76665640       2.03551745      0.959999979    
        1688  -5.66446352       2.45910287      0.959999979    
        1690  -5.63631916       2.53857040      0.959999979    
        1692  -5.57794523       2.61560202      0.959999979    
        1694  -5.68988705       2.01429009      0.959999979    
        1696  -5.77168417       1.62384844      0.959999979    
        1698  -5.88175154      0.683319986      0.959999979    
        1700  -5.86821651      0.937751055      0.959999979    
        1702  -5.68505955       1.99902463      0.959999979    
        1704  -5.57854176       2.59502912      0.959999979    
        1706  -5.59377432       2.55671167      0.959999979    
        1708  -5.55653858       2.79421115      0.959999979    
        1710  -5.60803175       2.39270759      0.959999979    
        1712  -5.66588545       1.67743802      0.959999979    
        1714  -5.66033268       1.77460229      0.959999979    
        1716  -5.62957430       1.89378941      0.959999979    
        1718  -5.66137695       1.67478335      0.959999979    
        1720  -5.81062984       1.09865510      0.959999979    
        1722  -5.65515757       1.97432601      0.959999979    
        1724  -5.62823772       1.90618217      0.959999979    
        1726  -5.65979052       1.60775220      0.959999979    
        1728  -5.68469954       1.42874098      0.959999979    
        1730  -5.59809446       1.93564498      0.959999979    
        1732  -5.52873898       2.20212054      0.959999979    
        1734  -5.64012480       1.37808275      0.959999979    
        1736  -5.75638294      0.757708549      0.959999979    
        1738  -5.62382269       1.41298664      0.959999979    
        1740  -5.59469748       1.84529757      0.959999979    
        1742  -5.67247295       1.50992465      0.959999979    
        1744  -5.49416780       2.20200443      0.959999979    
        1746  -5.60355330       1.63025129      0.959999979    
        1748  -5.66584635       1.39820611      0.959999979    
        1750  -5.87541437      0.403847635      0.959999979    
        1752  -5.82598019      0.738261580      0.959999979    
        1754  -5.81408548      0.817499995      0.959999979    
        1756  -5.73244715       1.57667005      0.959999979    
        1758  -5.69844627       1.62940264      0.959999979    
        1760  -5.68245745       1.43078411      0.959999979    
        1762  -5.56283760       2.10514307      0.959999979    
        1764  -5.64166975       2.02094817      0.959999979    
        1766  -5.53414917       2.54854822      0.959999979    
        1768  -5.57603407       2.26863909      0.959999979    
        1770  -5.56314468       1.91080248      0.959999979    
        1772  -5.49549627       2.28513622      0.959999979    
        1774  -5.45092440       2.76751709      0.959999979    
        1776  -5.66382074       1.81220555      0.959999979    
        1778  -5.66151905       1.95717216      0.959999979    
        1780  -5.59740591       2.32326174      0.959999979    
        1782  -5.62313128       1.91710269      0.959999979    
        1784  -5.67061043       1.71659708      0.959999979    
        1786  -5.61766291       1.88581872      0.959999979    
        1788  -5.57916641       2.38283277      0.959999979    
        1790  -5.56738710       2.52252316      0.959999979    
        1792  -5.73401451       1.91340792      0.959999979    
        1794  -5.71581554       1.77296722      0.959999979    
        1796  -5.70507288       1.80647230      0.959999979    
        1798  -5.65336943       1.95482492      0.959999979    
        1800  -5.56447077       2.23392487      0.959999979    
        1802  -5.51406860       2.33833337      0.959999979    
        1804  -5.67992926       1.39652479      0.959999979    
        1806  -5.70936394       1.31683385      0.959999979    
        1808  -5.85335016      0.465282559      0.959999979    
        1810  -5.72334194       1.04318786      0.959999979    
        1812  -5.70333624       1.40719450      0.959999979    
        1814  -5.74548721       1.15442705      0.959999979    
        1816  -5.67284822       1.67725444      0.959999979    
        1818  -5.66045475       1.38209152      0.959999979    
        1820  -5.63761425       1.45417905      0.959999979    
        1822  -5.59886122       1.92589939      0.959999979    
        1824  -5.72438288       1.19420850      0.959999979    
        1826  -5.60661221       1.88366127      0.959999979    
        1828  -5.73563623       1.20437253      0.959999979    
        1830  -5.63755560       1.66770649      0.959999979    
        1832  -5.63496256       1.56761062      0.959999979    
        1834  -5.66723585       1.37797880      0.959999979    
        1836  -5.71846151       1.09615016      0.959999979    
        1838  -5.68928194       1.32561612      0.959999979    
        1840  -5.67844057       1.43255270      0.959999979    
        1842  -5.63761044       1.65838039      0.959999979    
        1844  -5.58033705       2.09108591      0.959999979    
        1846  -5.63954592       1.82989585      0.959999979    
        1848  -5.59285688       1.88608599      0.959999979    
        1850  -5.58938456       1.90103424      0.959999979    
        1852  -5.57486010       1.93315411      0.959999979    
        1854  -5.56026220       2.08054090      0.959999979    
        1856  -5.60241938       1.62528622      0.959999979    
        1858  -5.51815605       2.35104299      0.959999979    
        1860  -5.61636782       1.89555287      0.959999979    
        1862  -5.67807102       1.54497886      0.959999979    
        1864  -5.51314354       2.45115137      0.959999979    
        1866  -5.57669258       2.00621653      0.959999979    
        1868  -5.61450958       1.99410701      0.959999979    
        1870  -5.65806818       1.91388273      0.959999979    
        1872  -5.72632885       1.47190166      0.959999979    
        1874  -5.83272505      0.635513306      0.959999979    
        1876  -5.69867754       1.52684999      0.959999979    
        1878  -5.64818048       1.49686730      0.959999979    
        1880  -5.73290825       1.21160305      0.959999979    
        1882  -5.65007734       1.85359812      0.959999979    
        1884  -5.67133141       2.10424924      0.959999979    
        1886  -5.56242466       2.85689402      0.959999979    
        1888  -5.59479189       2.20888495      0.959999979    
        1890  -5.53203201       2.64549637      0.959999979    
        1892  -5.52085495       2.38162398      0.959999979    
        1894  -5.65413904       1.80944812      0.959999979    
        1896  -5.72669363       1.39863980      0.959999979    
        1898  -5.81828499       1.01983404      0.959999979    
        1900  -5.70013762       1.56687224      0.959999979    
        1902  -5.73965216       1.58962846      0.959999979    
        1904  -5.72226572       1.73003232      0.959999979    
        1906  -5.71017122       2.23540926      0.959999979    
        1908  -5.66642427       2.42654634      0.959999979    
        1910  -5.75552893       2.03442097      0.959999979    
        1912  -5.63796043       2.77385807      0.959999979    
        1914  -5.75479221       2.06633425      0.959999979    
        1916  -5.76013851       1.82858086      0.959999979    
        1918  -5.70985699       1.95287824      0.959999979    
        1920  -5.75879383       1.70873547      0.959999979    
        1922  -5.63992071       2.53146553      0.959999979    
        1924  -5.72470188       1.74164760      0.959999979    
        1926  -5.51901865       2.95133114      0.959999979    
        1928  -5.56112385       2.88079405      0.959999979    
        1930  -5.68819714       2.27464199      0.959999979    
        1932  -5.62409782       2.77443433      0.959999979    
        1934  -5.56649971       3.11331272      0.959999979    
        1936  -5.58562946       2.69771862      0.959999979    
        1938  -5.60346937       2.37651134      0.959999979    
        1940  -5.52647924       2.33927727      0.959999979    
        1942  -5.64816189       1.96730733      0.959999979    
        1944  -5.67568016       1.81091428      0.959999979    
        1946  -5.63383341       1.93037415      0.959999979    
        1948  -5.68596649       1.53521919      0.959999979    
        1950  -5.59959745       1.90540314      0.959999979    
        1952  -5.69525480       1.75920308      0.959999979    
        1954  -5.51441002       2.69998813      0.959999979    
        1956  -5.39878464       3.34116220      0.959999979    
        1958  -5.52383471       2.45951915      0.959999979    
        1960  -5.68088865       1.92248440      0.959999979    
        1962  -5.66282129       1.99589300      0.959999979    
        1964  -5.64868975       1.80574691      0.959999979    
        1966  -5.71498489       1.46829689      0.959999979    
        1968  -5.72540903       1.33103073      0.959999979    
        1970  -5.72018003       1.47040915      0.959999979    
        1972  -5.76581383       1.21958923      0.959999979    
        1974  -5.79810143       1.01010215      0.959999979    
        1976  -5.80728912       1.08098543      0.959999979    
        1978  -5.69901371       1.80854583      0.959999979    
        1980  -5.74667358       1.68264389      0.959999979    
        1982  -5.85467958       1.13837886      0.959999979    
        1984  -5.67150879       1.86318123      0.959999979    
        1986  -5.65170002       2.06420612      0.959999979    
        1988  -5.68115664       1.93967199      0.959999979    
        1990  -5.62554407       2.03769231      0.959999979    
        1992  -5.53746700       2.40138292      0.959999979    
        1994  -5.46921682       3.02811432      0.959999979    
        1996  -5.56613445       2.34922647      0.959999979    
        1998  -5.58628035       2.39254212      0.959999979    
        2000  -5.51296568       2.53842187      0.959999979    
