           2  -4.83644915      -6.76498190E-02  0.815999985    
           4  -4.98555756     -0.676044226      0.815999985    
           6  -4.91392374       1.07250102E-02  0.815999985    
           8  -5.06978226     -0.812715530      0.815999985    
          10  -4.97205734     -0.637168825      0.815999985    
          12  -5.08441973      -1.16364717      0.804000020    
          14  -5.01601505     -0.744984090      0.804000020    
          16  -4.99274540     -0.606017530      0.804000020    
          18  -4.94470263       6.33581681E-03  0.804000020    
          20  -4.95311975       9.97905433E-02  0.804000020    
          22  -5.01322603       5.09971827E-02  0.804000020    
          24  -4.94452810      0.315032244      0.804000020    
          26  -4.86956501      0.704293549      0.804000020    
          28  -4.92950821      0.412405193      0.804000020    
          30  -5.00291348      0.247273132      0.804000020    
          32  -5.06769276      0.208709851      0.804000020    
          34  -5.08055210      0.405465692      0.815999985    
          36  -4.98182678      0.717655182      0.815999985    
          38  -5.17992163     -0.291119009      0.815999985    
          40  -5.10853100       3.07738855E-02  0.804000020    
          42  -5.01700258      0.270174563      0.804000020    
          44  -5.10455608     -0.358926624      0.791999996    
          46  -4.94176102      0.384492815      0.791999996    
          48  -4.84112835      0.814430535      0.791999996    
          50  -4.82960463      0.740360677      0.791999996    
          52  -4.95970440      0.377446771      0.791999996    
          54  -4.99439907     -0.125437796      0.791999996    
          56  -4.96329165       3.14650238E-02  0.791999996    
          58  -4.80109119      0.930373251      0.791999996    
          60  -4.92698479      0.588510394      0.791999996    
          62  -5.05082893      0.415186644      0.791999996    
          64  -5.04880714      0.404889464      0.791999996    
          66  -5.03941965      0.147955298      0.791999996    
          68  -5.00823879      0.243089542      0.791999996    
          70  -4.96449232      0.372868359      0.791999996    
          72  -5.01150322       7.81787094E-03  0.791999996    
          74  -4.94255543      0.148869604      0.791999996    
          76  -5.06494093     -0.548059344      0.791999996    
          78  -4.92756033     -0.127083883      0.791999996    
          80  -4.95918131     -0.341825664      0.791999996    
          82  -4.92599344      0.256500036      0.791999996    
          84  -4.88651419      0.228308797      0.791999996    
          86  -5.00150204     -0.555708408      0.791999996    
          88  -5.05755234     -0.935126364      0.791999996    
          90  -4.89132595      0.143124223      0.791999996    
          92  -4.79809427      0.800542474      0.791999996    
          94  -5.09855413     -0.474460900      0.791999996    
          96  -5.08693981     -0.515876591      0.791999996    
          98  -5.10166836     -0.315414190      0.791999996    
         100  -5.00403929     -0.264983326      0.791999996    
         102  -4.95718145      0.326060832      0.791999996    
         104  -4.88918543      0.432475924      0.791999996    
         106  -4.93321323      0.242456600      0.791999996    
         108  -5.04413271     -0.225967422      0.791999996    
         110  -4.88114500      0.149995640      0.791999996    
         112  -5.02923775     -0.406877607      0.791999996    
         114  -4.96343899     -0.154647261      0.791999996    
         116  -4.89961433      0.194948301      0.791999996    
         118  -5.01266479      0.136318162      0.804000020    
         120  -5.02498055     -0.257371336      0.804000020    
         122  -4.94578362      0.185807586      0.804000020    
         124  -4.98109341      0.171942994      0.804000020    
         126  -4.98164558       6.83627203E-02  0.804000020    
         128  -4.66588926       1.05587494      0.804000020    
         130  -4.80569506      0.781345248      0.804000020    
         132  -4.97605705     -0.102968454      0.804000020    
         134  -4.81784630      0.425466031      0.804000020    
         136  -4.78083611      0.627945781      0.804000020    
         138  -4.97396183      0.197614968      0.804000020    
         140  -5.04752541     -0.147091672      0.804000020    
         142  -5.03881741     -0.290751070      0.804000020    
         144  -5.06653500     -0.126769617      0.804000020    
         146  -5.06767797     -0.154862359      0.804000020    
         148  -5.03139114      0.343832403      0.804000020    
         150  -5.00807047      0.201540351      0.804000020    
         152  -4.88424397       1.01005149      0.804000020    
         154  -5.03605890      0.596535146      0.804000020    
         156  -5.02368164      0.544417858      0.804000020    
         158  -5.10212088      0.369210422      0.815999985    
         160  -5.05562019      0.610941768      0.815999985    
         162  -5.09814453      0.431960821      0.815999985    
         164  -5.01499081       1.03811896      0.815999985    
         166  -5.05403709      0.763593018      0.815999985    
         168  -5.03821802      0.800453067      0.815999985    
         170  -5.03386307      0.948997557      0.815999985    
         172  -4.92937946       1.40229034      0.815999985    
         174  -5.06679869      0.709887266      0.815999985    
         176  -5.05280447      0.956456780      0.828000009    
         178  -5.03261852      0.965155423      0.828000009    
         180  -4.91396141       1.18132508      0.828000009    
         182  -5.03211975      0.539927959      0.815999985    
         184  -5.02679968      0.711979210      0.815999985    
         186  -5.11277246      0.272673309      0.815999985    
         188  -5.05739641      0.645300090      0.815999985    
         190  -5.15777588      0.129728094      0.815999985    
         192  -5.02348185      0.777650535      0.815999985    
         194  -4.92173767       1.23641503      0.815999985    
         196  -4.96488762      0.951594651      0.815999985    
         198  -5.01882029      0.557806969      0.815999985    
         200  -5.00126648      0.521850586      0.815999985    
         202  -4.99623728      0.775684953      0.815999985    
         204  -4.95536900      0.868985295      0.815999985    
         206  -5.06377316      0.428804129      0.815999985    
         208  -4.97360182      0.972696185      0.815999985    
         210  -5.01711750      0.578688800      0.815999985    
         212  -4.95285273      0.912347555      0.815999985    
         214  -5.00948477      0.371730924      0.815999985    
         216  -5.01656628      0.875196576      0.815999985    
         218  -4.91226578       1.45649946      0.815999985    
         220  -5.09587145      0.698306084      0.815999985    
         222  -5.00513220      0.871000171      0.815999985    
         224  -5.00620842      0.779260516      0.815999985    
         226  -5.11218548      0.445652574      0.815999985    
         228  -5.21112537      -7.00940117E-02  0.815999985    
         230  -5.21574926     -0.242939219      0.815999985    
         232  -5.24105120     -0.585196555      0.815999985    
         234  -5.18108892     -0.183369339      0.815999985    
         236  -5.05665827      0.273714095      0.815999985    
         238  -4.95317698      0.540711939      0.815999985    
         240  -4.77907324       1.67002344      0.815999985    
         242  -4.98077440      0.691665173      0.815999985    
         244  -4.90853786       1.13952363      0.815999985    
         246  -4.90395498       1.27253366      0.815999985    
         248  -4.86162758       1.15361643      0.815999985    
         250  -4.82685900       1.17736220      0.815999985    
         252  -4.88531399      0.649600029      0.815999985    
         254  -5.05267048     -0.128013387      0.815999985    
         256  -5.06564140      -1.35953138E-02  0.815999985    
         258  -4.92510462      0.579720497      0.815999985    
         260  -4.91989708      0.608148456      0.815999985    
         262  -4.81989336       1.36152542      0.815999985    
         264  -4.79733896       1.71378720      0.815999985    
         266  -4.99553204      0.820566952      0.815999985    
         268  -4.97956133      0.594593823      0.815999985    
         270  -5.04658604      0.458811760      0.815999985    
         272  -5.09068441       2.50060447E-02  0.815999985    
         274  -5.02452993      0.367257416      0.815999985    
         276  -4.91020393      0.934859514      0.815999985    
         278  -5.07434511      0.448898703      0.815999985    
         280  -5.06962252      0.562773585      0.804000020    
         282  -5.04755163      0.501608133      0.804000020    
         284  -5.07411385      0.461994052      0.804000020    
         286  -4.89040613       1.00022781      0.804000020    
         288  -4.94316530      0.980851948      0.804000020    
         290  -5.00012016      0.491853863      0.804000020    
         292  -5.17916107       4.92294170E-02  0.804000020    
         294  -5.00135517      0.353409588      0.804000020    
         296  -5.12440729     -0.435769081      0.804000020    
         298  -4.99944973      0.185764551      0.804000020    
         300  -4.95943165      0.177578598      0.804000020    
         302  -4.96332741       8.31011534E-02  0.791999996    
         304  -5.04135370     -0.254866213      0.791999996    
         306  -5.04558945     -0.203720436      0.791999996    
         308  -5.05700064       9.80034396E-02  0.791999996    
         310  -5.07796192     -0.262681484      0.791999996    
         312  -5.07248354     -0.414451241      0.791999996    
         314  -5.00975847      0.112458795      0.791999996    
         316  -4.82976627       1.20980167      0.791999996    
         318  -4.91916800       1.02475405      0.791999996    
         320  -4.90975809      0.977798104      0.791999996    
         322  -4.93644333      0.775626004      0.791999996    
         324  -4.84043837      0.872994721      0.779999971    
         326  -4.91281891      0.647133291      0.779999971    
         328  -4.95210028      0.521534204      0.779999971    
         330  -4.84025240      0.593791902      0.779999971    
         332  -4.91714525      0.325056493      0.779999971    
         334  -5.00795698     -0.139154315      0.779999971    
         336  -4.92698812      0.226381138      0.768000007    
         338  -4.76230383      0.711318135      0.755999982    
         340  -4.78021479      0.546613276      0.755999982    
         342  -4.99555588       8.14121030E-03  0.755999982    
         344  -4.97500229      0.155366316      0.755999982    
         346  -4.98635817      0.269388795      0.755999982    
         348  -4.99886703       3.71704102E-02  0.755999982    
         350  -5.02901220     -0.289338797      0.755999982    
         352  -4.90516853      0.389098674      0.755999982    
         354  -4.96882725      0.189375088      0.755999982    
         356  -5.04749727     -0.340362638      0.755999982    
         358  -4.94075584      0.611588776      0.755999982    
         360  -4.84966373      0.998856187      0.755999982    
         362  -4.91706467      0.526070118      0.755999982    
         364  -5.04169703      0.199461401      0.755999982    
         366  -5.10607243      -8.41744393E-02  0.755999982    
         368  -5.11926556     -0.245285854      0.755999982    
         370  -5.01808977     -0.197760239      0.755999982    
         372  -4.79093456      0.767325640      0.755999982    
         374  -5.00585127     -0.254763365      0.768000007    
         376  -5.03482723     -0.327076018      0.768000007    
         378  -5.07700872       6.52347654E-02  0.779999971    
         380  -5.06724501       2.31398363E-02  0.779999971    
         382  -5.09841776      -5.98950572E-02  0.779999971    
         384  -5.16436720     -0.490130633      0.779999971    
         386  -5.10915947     -0.377639830      0.779999971    
         388  -5.05347776      -8.96379650E-02  0.779999971    
         390  -5.03700447      0.223046899      0.779999971    
         392  -4.98449707      0.525344491      0.791999996    
         394  -4.97384787      0.674100995      0.791999996    
         396  -4.96246576      0.815976083      0.791999996    
         398  -4.96616459      0.561801195      0.791999996    
         400  -5.07536173      0.135493472      0.791999996    
         402  -5.12142372     -0.323156357      0.791999996    
         404  -5.10583687       1.25841666E-02  0.791999996    
         406  -5.19194031     -0.316165835      0.791999996    
         408  -5.11176491     -0.292207271      0.791999996    
         410  -5.11132288     -0.136512652      0.791999996    
         412  -5.11676645     -0.277233690      0.804000020    
         414  -5.30618334      -1.26505125      0.791999996    
         416  -5.17852545     -0.626263559      0.791999996    
         418  -5.04262924      0.108492613      0.791999996    
         420  -4.94945049      0.639721870      0.768000007    
         422  -4.97892380      0.791911721      0.768000007    
         424  -4.94408035      0.749182105      0.768000007    
         426  -4.90942001      0.678419232      0.768000007    
         428  -4.87729311      0.779904246      0.768000007    
         430  -5.01062965      0.571193039      0.779999971    
         432  -5.18959665     -0.284507811      0.779999971    
         434  -5.12607670      0.327084929      0.779999971    
         436  -5.19910002     -0.201738283      0.779999971    
         438  -5.33291674     -0.990881383      0.779999971    
         440  -5.37284946     -0.944681168      0.779999971    
         442  -5.38093233     -0.854317904      0.779999971    
         444  -5.19173813      0.137207970      0.779999971    
         446  -5.24416256     -0.518190503      0.779999971    
         448  -5.12040186      0.306804836      0.779999971    
         450  -5.07395983      0.464526117      0.779999971    
         452  -5.10713863      0.207874581      0.779999971    
         454  -5.24858332     -0.745136499      0.779999971    
         456  -5.18179178     -0.441853493      0.791999996    
         458  -5.21085262     -0.622662067      0.791999996    
         460  -5.07898235      0.244634584      0.791999996    
         462  -5.01163340      0.785506487      0.791999996    
         464  -5.04561949      0.733017445      0.791999996    
         466  -5.10957289      0.251069874      0.791999996    
         468  -4.94647598       1.02627444      0.791999996    
         470  -4.99216461      0.927967429      0.791999996    
         472  -4.98998690      0.880750358      0.791999996    
         474  -5.04032564      0.632473648      0.804000020    
         476  -5.19012785      -8.25210065E-02  0.804000020    
         478  -5.12044811      0.403662860      0.804000020    
         480  -5.03581190      0.228837237      0.804000020    
         482  -5.12494612      -8.16502869E-02  0.804000020    
         484  -5.16126919     -0.192713425      0.804000020    
         486  -5.17829370     -0.446642578      0.804000020    
         488  -5.03538036      0.216057166      0.804000020    
         490  -4.93077278      0.695872724      0.804000020    
         492  -5.02042389      0.160494268      0.804000020    
         494  -5.09816217     -0.160250202      0.804000020    
         496  -5.04823160       1.10429535E-02  0.804000020    
         498  -5.04734659       3.25720720E-02  0.804000020    
         500  -5.02976322      0.188576788      0.815999985    
         502  -5.04720545       2.54976694E-02  0.815999985    
         504  -4.98960352      0.448747784      0.815999985    
         506  -4.97577333      0.409893721      0.815999985    
         508  -5.11164761      -6.31570294E-02  0.815999985    
         510  -5.09662628      0.335195094      0.815999985    
         512  -5.16445112     -0.181819111      0.815999985    
         514  -5.15826225     -0.164150551      0.815999985    
         516  -5.15650988     -0.271258742      0.815999985    
         518  -5.07626772      -1.82756537E-03  0.815999985    
         520  -5.10610771      -1.83215609E-03  0.815999985    
         522  -5.16195393      -9.95984823E-02  0.815999985    
         524  -5.09545898      0.400617212      0.815999985    
         526  -4.97340488      0.485968679      0.815999985    
         528  -5.02309847      0.199156016      0.815999985    
         530  -4.98772955      0.282926857      0.815999985    
         532  -5.00086403       1.60892010E-02  0.815999985    
         534  -5.01761198     -0.322141737      0.815999985    
         536  -4.93283606     -0.206764266      0.815999985    
         538  -4.87137079       4.63812165E-02  0.815999985    
         540  -4.79008341      0.560366452      0.815999985    
         542  -4.78338194      0.547034681      0.815999985    
         544  -4.89964151     -0.122356415      0.815999985    
         546  -4.87497044      0.131248444      0.815999985    
         548  -4.96125889      0.156088710      0.815999985    
         550  -4.87691689      0.449456871      0.815999985    
         552  -5.00844908       4.61114496E-02  0.815999985    
         554  -4.97031975      0.311361551      0.815999985    
         556  -4.89783287      0.402795076      0.815999985    
         558  -4.95438623       4.82840948E-02  0.815999985    
         560  -5.09911776     -0.598960876      0.815999985    
         562  -4.94172144      0.155500010      0.815999985    
         564  -4.95907116      0.108758733      0.815999985    
         566  -4.99562407     -0.189056918      0.815999985    
         568  -4.95505238      -2.88363677E-02  0.815999985    
         570  -4.84892035      0.311847150      0.815999985    
         572  -4.96092653     -0.164757803      0.815999985    
         574  -4.91648149       5.72101548E-02  0.815999985    
         576  -5.06827784     -0.452245414      0.815999985    
         578  -4.91875362       8.93777311E-02  0.815999985    
         580  -4.93047285      -1.26602286E-02  0.815999985    
         582  -4.95198870      0.294787705      0.815999985    
         584  -4.88656807      0.174565345      0.815999985    
         586  -4.87221241      -9.78171919E-03  0.815999985    
         588  -4.81821108      0.706544280      0.815999985    
         590  -4.91690636     -0.603568137      0.804000020    
         592  -4.87560797     -0.173382342      0.804000020    
         594  -4.77531004       7.87486881E-02  0.804000020    
         596  -4.82567215     -0.404476166      0.804000020    
         598  -4.88078260     -0.299601465      0.804000020    
         600  -4.97096014     -0.664395273      0.804000020    
         602  -4.89334440     -0.328200877      0.791999996    
         604  -4.89131927     -0.273613840      0.791999996    
         606  -4.87928247     -0.143276036      0.791999996    
         608  -4.89101887     -0.771211624      0.791999996    
         610  -4.84669971     -0.530418694      0.791999996    
         612  -4.78354836     -0.319472969      0.791999996    
         614  -4.72374678      0.249138072      0.791999996    
         616  -4.73835993      0.193404898      0.791999996    
         618  -4.82021141      -2.32191570E-02  0.791999996    
         620  -4.75450420      0.280128717      0.791999996    
         622  -4.83426571      -9.13415477E-02  0.791999996    
         624  -4.82591820       3.40578482E-02  0.791999996    
         626  -4.85001755     -0.363343298      0.791999996    
         628  -4.86747742      -2.93509699E-02  0.804000020    
         630  -4.96132135     -0.360588610      0.804000020    
         632  -4.92484760     -0.334793180      0.804000020    
         634  -4.98719168     -0.850105762      0.804000020    
         636  -4.80441236      -5.30820787E-02  0.804000020    
         638  -4.84449768     -0.241450608      0.804000020    
         640  -4.94015217     -0.325503021      0.804000020    
         642  -4.92000484      -8.44131261E-02  0.791999996    
         644  -4.81287527      0.258820832      0.791999996    
         646  -4.82755375      0.258216262      0.791999996    
         648  -4.89548969     -0.126908869      0.791999996    
         650  -4.97178173     -0.632260263      0.791999996    
         652  -4.90766096     -0.245604575      0.791999996    
         654  -4.84368849      0.209868535      0.791999996    
         656  -4.89535999      -8.87006074E-02  0.791999996    
         658  -4.92238665     -0.178745463      0.791999996    
         660  -4.99632788     -0.517932892      0.791999996    
         662  -5.00554276     -0.579302967      0.791999996    
         664  -5.03688383     -0.867926598      0.791999996    
         666  -4.87379742     -0.404761225      0.791999996    
         668  -4.92694998     -0.394595206      0.791999996    
         670  -4.87191105     -0.151440874      0.791999996    
         672  -4.90149498     -0.282301635      0.791999996    
         674  -4.89703369      0.102475330      0.791999996    
         676  -4.79012442      0.724618137      0.791999996    
         678  -4.84355974      0.374703109      0.791999996    
         680  -4.77446508      0.458908796      0.791999996    
         682  -4.79460621      0.284701765      0.791999996    
         684  -4.87443066       7.02618584E-02  0.791999996    
         686  -4.97329855     -0.374721259      0.791999996    
         688  -4.87557983     -0.172068492      0.791999996    
         690  -4.86221313      -2.65048146E-02  0.791999996    
         692  -4.88725948     -0.267612517      0.791999996    
         694  -4.89260340     -0.338492513      0.791999996    
         696  -4.91183805      -9.02292691E-03  0.804000020    
         698  -4.82486057      0.411155641      0.804000020    
         700  -4.80430365      0.261784226      0.804000020    
         702  -4.90236139      -2.61279270E-02  0.804000020    
         704  -4.84498310       3.18783708E-02  0.804000020    
         706  -4.91187382     -0.347091705      0.804000020    
         708  -4.86609411      -8.52031633E-03  0.804000020    
         710  -4.94266653     -0.359004140      0.804000020    
         712  -4.82574368      0.268238842      0.804000020    
         714  -4.85080099       5.70129678E-02  0.804000020    
         716  -4.83034658      0.109063148      0.804000020    
         718  -4.77402878      0.189146057      0.804000020    
         720  -4.98194122     -0.633125842      0.804000020    
         722  -4.90143871     -0.353951454      0.804000020    
         724  -4.99256277     -0.470898837      0.804000020    
         726  -4.87726355     -0.120955750      0.804000020    
         728  -4.86402178       7.13474080E-02  0.804000020    
         730  -4.93884230     -0.477533489      0.804000020    
         732  -5.07779598     -0.799429834      0.804000020    
         734  -4.99843836     -0.251733065      0.804000020    
         736  -4.75858879      0.685465276      0.804000020    
         738  -4.87872314      0.129748508      0.804000020    
         740  -4.93946600     -0.153074250      0.804000020    
         742  -4.69317627      0.833432317      0.804000020    
         744  -4.79964209      0.346602947      0.804000020    
         746  -4.99380541     -0.529833138      0.804000020    
         748  -4.93777132     -0.356026679      0.804000020    
         750  -4.81308222      0.436822712      0.804000020    
         752  -4.86927748      0.271959126      0.804000020    
         754  -4.83820915      0.250537604      0.804000020    
         756  -4.91453028     -0.225101396      0.804000020    
         758  -4.86973190      0.386992931      0.815999985    
         760  -4.85350704      0.711664975      0.815999985    
         762  -4.79500341       1.03183150      0.815999985    
         764  -4.77901411       1.13231552      0.815999985    
         766  -4.89473963      0.210437611      0.815999985    
         768  -4.86630774      0.683562994      0.815999985    
         770  -4.96107912       7.52451643E-02  0.815999985    
         772  -4.98510885      -7.25548044E-02  0.815999985    
         774  -4.82339096      0.422975212      0.815999985    
         776  -4.89584780      -4.69143949E-02  0.815999985    
         778  -4.86434412      0.332111120      0.815999985    
         780  -4.84049082      0.808282256      0.815999985    
         782  -4.93837309      -7.15132942E-03  0.815999985    
         784  -4.84352446      0.403342336      0.815999985    
         786  -4.81765890      0.595388055      0.815999985    
         788  -4.91548204     -0.165104508      0.815999985    
         790  -5.03502321     -0.526284873      0.815999985    
         792  -5.05609703     -0.935987592      0.815999985    
         794  -4.95761490     -0.483173341      0.815999985    
         796  -4.98682880     -0.540356398      0.815999985    
         798  -5.03052092      0.110787787      0.828000009    
         800  -5.13197517     -0.345484436      0.828000009    
         802  -5.10040998     -0.113104805      0.828000009    
         804  -4.91986179      0.982850075      0.828000009    
         806  -4.83644724       1.48362601      0.828000009    
         808  -4.95550966      0.866686165      0.828000009    
         810  -4.97593832      0.723609507      0.828000009    
         812  -4.93555689       1.16008735      0.828000009    
         814  -5.01130676      0.648204327      0.828000009    
         816  -5.14470196       6.89914674E-02  0.828000009    
         818  -5.17825890       8.79487172E-02  0.828000009    
         820  -5.15040255      0.327841699      0.828000009    
         822  -5.06215906      0.468116254      0.828000009    
         824  -5.02706575      0.666087151      0.828000009    
         826  -4.96062136       1.02619255      0.828000009    
         828  -4.98681974      0.869186759      0.828000009    
         830  -4.99049187      0.658303499      0.828000009    
         832  -5.04290295      0.360464841      0.828000009    
         834  -5.12721825       9.59227979E-02  0.828000009    
         836  -5.02124786      0.739487410      0.828000009    
         838  -5.05003500      0.664905548      0.828000009    
         840  -5.00417137      0.903666019      0.828000009    
         842  -5.07660913      0.594806790      0.828000009    
         844  -5.08739138      0.889487088      0.828000009    
         846  -5.34841204     -0.348451048      0.839999974    
         848  -5.15969324      0.533522785      0.839999974    
         850  -5.10585642      0.964042306      0.839999974    
         852  -5.15927601       1.08464432      0.839999974    
         854  -5.19618607      0.768429279      0.839999974    
         856  -5.21182537      0.685070157      0.839999974    
         858  -5.23666143      0.800182104      0.839999974    
         860  -5.22950411      0.512400448      0.839999974    
         862  -5.19781590      0.579606950      0.839999974    
         864  -5.09166670      0.954511285      0.839999974    
         866  -5.15616751      0.159625575      0.828000009    
         868  -5.09934616      0.551397741      0.828000009    
         870  -5.16092396      0.553311646      0.828000009    
         872  -5.27014971      -8.68137851E-02  0.828000009    
         874  -5.32531929     -0.402735919      0.828000009    
         876  -5.14271450      0.574263275      0.815999985    
         878  -5.10299778      0.772537112      0.815999985    
         880  -5.14107656       1.13236558      0.828000009    
         882  -5.23681688      0.282688707      0.828000009    
         884  -5.17930698      0.685163915      0.828000009    
         886  -5.00229836       1.60988927      0.828000009    
         888  -5.15145683      0.967524707      0.815999985    
         890  -5.07651377      0.981151342      0.815999985    
         892  -5.06522131       1.32330036      0.815999985    
         894  -5.20457029      0.867654860      0.815999985    
         896  -5.16512346       1.06221223      0.815999985    
         898  -5.17116547      0.790174246      0.815999985    
         900  -5.18118954      0.882891357      0.815999985    
         902  -5.22729015      0.736097574      0.815999985    
         904  -5.25378370      0.837553978      0.828000009    
         906  -5.20229340       1.24794900      0.828000009    
         908  -5.16997480       1.64407790      0.828000009    
         910  -5.20554352       1.61742699      0.828000009    
         912  -5.22731113       1.33487546      0.828000009    
         914  -5.29467201      0.491829067      0.828000009    
         916  -5.30819082      0.339203179      0.828000009    
         918  -5.27520704      0.643368363      0.828000009    
         920  -5.35089350      0.602565408      0.828000009    
         922  -5.14690447       1.22941351      0.828000009    
         924  -5.24761772      0.368371189      0.828000009    
         926  -5.26954699      0.231849745      0.828000009    
         928  -5.23860073      0.106935143      0.828000009    
         930  -5.32411480       6.80446252E-02  0.828000009    
         932  -5.10817623       1.05143464      0.828000009    
         934  -5.11040401       1.53391004      0.828000009    
         936  -5.13982487       1.06258750      0.828000009    
         938  -5.27975845      0.550467789      0.828000009    
         940  -5.18006086      0.908764958      0.828000009    
         942  -5.18979359       4.46088351E-02  0.815999985    
         944  -5.19417334      0.348729819      0.815999985    
         946  -5.25456524     -0.162386090      0.815999985    
         948  -5.11186171      0.966656327      0.815999985    
         950  -5.13827229      0.831300557      0.828000009    
         952  -5.15503883      0.604381800      0.828000009    
         954  -5.10478687       1.25206709      0.828000009    
         956  -5.12050104       1.25941479      0.828000009    
         958  -5.09028625      0.984630644      0.839999974    
         960  -5.07010651       1.30401874      0.839999974    
         962  -5.18821096      0.828501344      0.828000009    
         964  -5.20648336      0.868276775      0.828000009    
         966  -5.16815090       1.03235710      0.828000009    
         968  -5.22208643      0.558072567      0.828000009    
         970  -5.26723242      0.269701630      0.828000009    
         972  -5.24304199      0.368838727      0.828000009    
         974  -5.19799089      0.585392296      0.828000009    
         976  -5.19699430      0.295754462      0.828000009    
         978  -5.10439682      0.683965802      0.828000009    
         980  -5.17216969      0.132935539      0.828000009    
         982  -5.14886045      0.169039935      0.828000009    
         984  -5.15402508      -9.73405540E-02  0.828000009    
         986  -5.22623301     -0.298384994      0.828000009    
         988  -5.28876972     -0.524311423      0.828000009    
         990  -5.15890074      -4.60855067E-02  0.828000009    
         992  -5.04071856      0.717422426      0.828000009    
         994  -5.10821676       5.21994643E-02  0.828000009    
         996  -4.99212360      0.743744373      0.828000009    
         998  -5.12260294      -7.84895197E-02  0.828000009    
        1000  -5.06538868      0.220474124      0.828000009    
        1002  -5.11551666       4.82551679E-02  0.828000009    
        1004  -5.22470427     -0.410989493      0.828000009    
        1006  -5.19144964     -0.451791704      0.828000009    
        1008  -5.05655432      0.105606414      0.828000009    
        1010  -5.01086807       4.32029963E-02  0.828000009    
        1012  -4.99228048      0.260416448      0.828000009    
        1014  -5.15462923     -0.398379445      0.828000009    
        1016  -5.04507208      0.249895737      0.828000009    
        1018  -5.15767860      -7.14693367E-02  0.828000009    
        1020  -5.11790705      0.213323966      0.828000009    
        1022  -5.20819235     -0.218028575      0.828000009    
        1024  -5.20297480     -0.116524845      0.828000009    
        1026  -5.22685146     -0.104628570      0.828000009    
        1028  -5.18508863      -1.31407129E-02  0.828000009    
        1030  -5.15042257      0.138406172      0.828000009    
        1032  -5.07863760      0.639621556      0.828000009    
        1034  -5.22623920      -5.75388223E-02  0.839999974    
        1036  -5.16386366      0.344846904      0.839999974    
        1038  -5.05236387      0.755773783      0.839999974    
        1040  -5.14831066      -6.05761372E-02  0.839999974    
        1042  -5.07458878      0.356718808      0.839999974    
        1044  -5.17924929     -0.285977155      0.839999974    
        1046  -5.06989717      0.195231631      0.839999974    
        1048  -4.93634224      0.908517420      0.839999974    
        1050  -5.15642881      -7.13095069E-04  0.839999974    
        1052  -5.16695023      0.112798318      0.839999974    
        1054  -5.32124472     -0.911308467      0.839999974    
        1056  -5.32805729     -0.711549580      0.839999974    
        1058  -5.31868410     -0.680713832      0.839999974    
        1060  -5.19944191       5.40210344E-02  0.839999974    
        1062  -5.23409986      0.287642658      0.839999974    
        1064  -5.19941664      0.695210040      0.839999974    
        1066  -5.31662798       9.81596019E-03  0.839999974    
        1068  -5.20292950      0.664976478      0.839999974    
        1070  -5.19004440      0.636379421      0.839999974    
        1072  -5.16563129      0.728346050      0.839999974    
        1074  -5.14296484      0.743996561      0.839999974    
        1076  -5.18723011      0.259483665      0.839999974    
        1078  -5.16091061      0.274286568      0.839999974    
        1080  -5.23730230      -3.02365441E-02  0.839999974    
        1082  -5.13316059      0.530124485      0.839999974    
        1084  -5.21388912      0.405926615      0.851999998    
        1086  -5.30272770     -0.145063877      0.851999998    
        1088  -5.20539570      0.739642918      0.851999998    
        1090  -5.05492163       1.33386946      0.851999998    
        1092  -5.19334555      0.776189744      0.851999998    
        1094  -5.18970585      0.718511045      0.851999998    
        1096  -5.26641989      0.588695586      0.851999998    
        1098  -5.25487041      0.429009557      0.851999998    
        1100  -4.98145437       1.31580412      0.851999998    
        1102  -5.10738230      0.835121810      0.851999998    
        1104  -5.21754456      0.363093913      0.851999998    
        1106  -5.15337038      0.818127513      0.851999998    
        1108  -5.22816849      0.245820209      0.851999998    
        1110  -5.25968838      0.121686950      0.851999998    
        1112  -5.33852053       6.86086267E-02  0.851999998    
        1114  -5.26698923      0.335459054      0.851999998    
        1116  -5.28306246       9.22465790E-03  0.851999998    
        1118  -5.30769825      0.612714589      0.851999998    
        1120  -5.23297167      0.929542303      0.851999998    
        1122  -5.28118038      0.435426623      0.851999998    
        1124  -5.35251236      0.134317413      0.851999998    
        1126  -5.34989023      0.266824007      0.851999998    
        1128  -5.37256050     -0.163724273      0.851999998    
        1130  -5.24813318      0.532436073      0.851999998    
        1132  -5.19909573       1.05174530      0.851999998    
        1134  -5.21494627       1.01622820      0.851999998    
        1136  -5.08372021       1.67020798      0.851999998    
        1138  -5.02065611       2.09269714      0.851999998    
        1140  -5.26149893      0.796905041      0.851999998    
        1142  -5.23366547      0.747387290      0.851999998    
        1144  -5.19295788       1.10066807      0.851999998    
        1146  -5.20485640       1.03061330      0.851999998    
        1148  -5.18030262       1.08365083      0.851999998    
        1150  -5.18958426      0.868041158      0.839999974    
        1152  -5.25928211      0.758242249      0.839999974    
        1154  -5.25841618      0.374053687      0.839999974    
        1156  -5.34645844      0.423964202      0.839999974    
        1158  -5.35465670      0.345799804      0.839999974    
        1160  -5.26463223      0.438439697      0.839999974    
        1162  -5.30353880      0.433169752      0.839999974    
        1164  -5.18497705      0.952645719      0.839999974    
        1166  -5.20208359      0.921988070      0.839999974    
        1168  -5.31532049      0.575428903      0.839999974    
        1170  -5.35772085      0.732188940      0.851999998    
        1172  -5.28025866      0.634998202      0.851999998    
        1174  -5.33261776      0.686578155      0.851999998    
        1176  -5.35862875      0.951326847      0.851999998    
        1178  -5.47125387      0.122689717      0.851999998    
        1180  -5.48498392      -7.74354339E-02  0.851999998    
        1182  -5.35301876      0.307044297      0.851999998    
        1184  -5.22774172      0.700731993      0.851999998    
        1186  -5.36994600      0.206777573      0.851999998    
        1188  -5.32163095      0.372915775      0.851999998    
        1190  -5.35860491       5.38149774E-02  0.851999998    
        1192  -5.33067274      0.293039411      0.851999998    
        1194  -5.31956387     -0.176060498      0.851999998    
        1196  -5.22054148      0.376140475      0.851999998    
        1198  -5.33265543     -0.122420788      0.851999998    
        1200  -5.21839619      0.422788173      0.851999998    
        1202  -5.29748774       8.67393985E-02  0.851999998    
        1204  -5.28106785      0.204403907      0.851999998    
        1206  -5.15324402      0.678695261      0.851999998    
        1208  -5.15599966      0.561340272      0.851999998    
        1210  -5.19232512      0.846205473      0.851999998    
        1212  -5.21385765      0.695358038      0.851999998    
        1214  -5.35963440       5.23304418E-02  0.851999998    
        1216  -5.31933546      0.111889452      0.851999998    
        1218  -5.21398497      0.407402277      0.851999998    
        1220  -5.32235193     -0.192227632      0.851999998    
        1222  -5.32151842      -7.79803842E-02  0.851999998    
        1224  -5.35309172     -0.618528008      0.851999998    
        1226  -5.33028078      0.123252265      0.851999998    
        1228  -5.31686640     -0.277507544      0.851999998    
        1230  -5.36017370     -0.121712729      0.851999998    
        1232  -5.25493050      0.372819304      0.851999998    
        1234  -5.27288866      0.313521594      0.851999998    
        1236  -5.25996399      0.520801485      0.851999998    
        1238  -5.14747810       1.26460540      0.851999998    
        1240  -5.24317694      0.950265944      0.851999998    
        1242  -5.27093935      0.787830412      0.851999998    
        1244  -5.34541512      0.217774317      0.851999998    
        1246  -5.22677851      0.303311646      0.851999998    
        1248  -5.28673697      0.241534129      0.851999998    
        1250  -5.33194780     -0.265748084      0.851999998    
        1252  -5.21593428      0.160100088      0.839999974    
        1254  -5.15571260      0.390313447      0.839999974    
        1256  -5.05790186       1.07178903      0.839999974    
        1258  -5.25943184      0.242820829      0.839999974    
        1260  -5.07174444       1.71377361      0.851999998    
        1262  -5.08593225       1.69029963      0.851999998    
        1264  -5.28042650       2.20617745E-02  0.851999998    
        1266  -5.29408550      -6.61657676E-02  0.851999998    
        1268  -5.27148771       3.21420357E-02  0.851999998    
        1270  -5.18293381      0.487380683      0.851999998    
        1272  -5.18969870      0.605157077      0.851999998    
        1274  -5.06371927       1.32750368      0.851999998    
        1276  -5.10515547       1.08279729      0.851999998    
        1278  -5.13170290      0.875673532      0.851999998    
        1280  -5.09078979      0.912010789      0.851999998    
        1282  -5.07759714       1.20079780      0.851999998    
        1284  -5.14729738       1.18265271      0.851999998    
        1286  -5.15549898      0.805437088      0.851999998    
        1288  -5.22932243      0.641084194      0.851999998    
        1290  -5.22739267      0.648539901      0.851999998    
        1292  -5.26832771      0.567323625      0.851999998    
        1294  -5.35846281      0.108237110      0.851999998    
        1296  -5.23541164      0.548083603      0.851999998    
        1298  -5.32039595      -6.45230785E-02  0.851999998    
        1300  -5.35071945     -0.411398113      0.851999998    
        1302  -5.38705587     -0.657758415      0.851999998    
        1304  -5.42156649     -0.779251814      0.851999998    
        1306  -5.30440950       5.91266677E-02  0.851999998    
        1308  -5.18990040      0.748588443      0.851999998    
        1310  -5.20744705      0.517996550      0.851999998    
        1312  -5.28381443      0.284012526      0.851999998    
        1314  -5.18339634      0.668565333      0.851999998    
        1316  -5.15524006      0.777526736      0.851999998    
        1318  -5.14749479       1.23500502      0.851999998    
        1320  -5.20300341      0.747242451      0.851999998    
        1322  -5.25712824      0.384718001      0.851999998    
        1324  -5.32915735      0.464806765      0.864000022    
        1326  -5.31692457      0.647332907      0.864000022    
        1328  -5.38503838      0.332094699      0.864000022    
        1330  -5.32555914      0.876213670      0.864000022    
        1332  -5.29775143      0.941189528      0.864000022    
        1334  -5.36046267      0.977469862      0.875999987    
        1336  -5.39810133      0.733914971      0.875999987    
        1338  -5.23289394       1.85164964      0.875999987    
        1340  -5.41097498      0.571662843      0.875999987    
        1342  -5.35227871       1.01728964      0.875999987    
        1344  -5.42431736      0.607902288      0.875999987    
        1346  -5.46870232      0.369241953      0.875999987    
        1348  -5.35129690       1.00747931      0.875999987    
        1350  -5.41898203      0.566386282      0.875999987    
        1352  -5.26363468       1.58338726      0.875999987    
        1354  -5.29107904       1.30096531      0.875999987    
        1356  -5.15755701       1.94435656      0.875999987    
        1358  -5.27676296       1.15452766      0.875999987    
        1360  -5.24745893       1.28397334      0.875999987    
        1362  -5.23191786       1.67104876      0.875999987    
        1364  -5.30892515       1.24178290      0.875999987    
        1366  -5.40802717       1.03578162      0.875999987    
        1368  -5.25032330       1.72165072      0.875999987    
        1370  -5.25742769       1.75435948      0.875999987    
        1372  -5.37935352       1.12722945      0.875999987    
        1374  -5.45686150      0.767663240      0.875999987    
        1376  -5.42157841      0.797947347      0.875999987    
        1378  -5.46340799      0.674039781      0.875999987    
        1380  -5.45559692      0.677731216      0.875999987    
        1382  -5.44364071      0.635876775      0.875999987    
        1384  -5.39426517      0.951871574      0.875999987    
        1386  -5.44453955      0.669129729      0.875999987    
        1388  -5.53407526      0.118621811      0.875999987    
        1390  -5.37066698      0.917135715      0.875999987    
        1392  -5.35826731       1.23641002      0.875999987    
        1394  -5.27210474       1.83397090      0.875999987    
        1396  -5.15029001       2.17315221      0.875999987    
        1398  -5.13660669       1.35872471      0.864000022    
        1400  -5.04910421       1.76326275      0.864000022    
        1402  -5.18344927       1.22734046      0.864000022    
        1404  -5.20788240       1.18706036      0.864000022    
        1406  -5.26148844      0.855579734      0.864000022    
        1408  -5.22379971      0.851757467      0.864000022    
        1410  -5.37523222      0.363854378      0.864000022    
        1412  -5.32829380      0.170805454      0.864000022    
        1414  -5.19371605      0.766608179      0.864000022    
        1416  -5.23711872      0.373732060      0.864000022    
        1418  -5.35906172     -0.425904572      0.851999998    
        1420  -5.39547396     -0.681663156      0.851999998    
        1422  -5.30804014     -0.418804884      0.851999998    
        1424  -5.27361488      -6.74398616E-02  0.851999998    
        1426  -5.32570744      -7.07512274E-02  0.851999998    
        1428  -5.15107346      0.781058550      0.851999998    
        1430  -5.25619888      0.695026517      0.851999998    
        1432  -5.28948164      0.346519321      0.851999998    
        1434  -5.23135424      0.305893719      0.851999998    
        1436  -5.22626734      0.523950875      0.851999998    
        1438  -5.13993645      0.365572751      0.851999998    
        1440  -5.21528816      -8.25071484E-02  0.851999998    
        1442  -5.27341223       7.32755009E-03  0.851999998    
        1444  -5.24967480      0.195894331      0.851999998    
        1446  -5.23094845      0.328145713      0.851999998    
        1448  -5.24694777       6.72258139E-02  0.851999998    
        1450  -5.19299698      0.635394871      0.851999998    
        1452  -5.14257860      0.611785650      0.851999998    
        1454  -5.22845602      0.241084918      0.839999974    
        1456  -5.21118116      0.390647113      0.839999974    
        1458  -5.11476660      0.574827313      0.839999974    
        1460  -5.20234156      0.241920814      0.839999974    
        1462  -5.23300123      0.430508822      0.839999974    
        1464  -5.10554075       1.35391653      0.839999974    
        1466  -5.29200077      -3.36060822E-02  0.828000009    
        1468  -5.13078403      0.741301954      0.828000009    
        1470  -5.22152853      0.209515870      0.815999985    
        1472  -5.11716747      0.917391598      0.815999985    
        1474  -5.22841787      0.174663112      0.815999985    
        1476  -5.09357166      0.811088979      0.815999985    
        1478  -5.15464640      0.483846188      0.815999985    
        1480  -5.15401173      0.667188048      0.815999985    
        1482  -5.25205612     -0.389044762      0.815999985    
        1484  -5.06001997      0.374890506      0.828000009    
        1486  -5.18425226       1.86368022E-02  0.828000009    
        1488  -5.31999922      -4.75854762E-02  0.828000009    
        1490  -5.25189209      0.379987866      0.828000009    
        1492  -5.13521671      0.671281397      0.828000009    
        1494  -5.16445494      0.253404677      0.828000009    
        1496  -5.01550341      0.706246853      0.828000009    
        1498  -5.04790592      0.741435945      0.828000009    
        1500  -4.94189835       1.25216281      0.828000009    
        1502  -5.12783337      0.286977381      0.828000009    
        1504  -5.22578335     -0.433818519      0.828000009    
        1506  -5.11448956       2.70493198E-02  0.828000009    
        1508  -5.03833580      0.177640572      0.828000009    
        1510  -5.10036993     -0.104972281      0.828000009    
        1512  -4.91887569      0.806177318      0.828000009    
        1514  -4.97597933      0.396736830      0.828000009    
        1516  -5.08650398       4.16232646E-02  0.828000009    
        1518  -5.16743279     -0.598417640      0.828000009    
        1520  -5.09470367     -0.162491217      0.828000009    
        1522  -5.08152151     -0.286101073      0.828000009    
        1524  -4.92210102      0.486826122      0.828000009    
        1526  -4.84943295      0.834599018      0.828000009    
        1528  -4.94039488      0.716837227      0.828000009    
        1530  -5.07029009      0.404396296      0.828000009    
        1532  -5.11590910      0.325773120      0.828000009    
        1534  -5.17626143      -7.99513012E-02  0.828000009    
        1536  -5.17277861      0.113169797      0.828000009    
        1538  -5.09744310      0.693456292      0.828000009    
        1540  -5.12877083      0.594594479      0.828000009    
        1542  -5.16055250      0.568322897      0.828000009    
        1544  -5.12551689       1.21282029      0.828000009    
        1546  -5.19825411      0.572062254      0.828000009    
        1548  -5.21219921      0.229174152      0.828000009    
        1550  -5.25296116       4.80220541E-02  0.828000009    
        1552  -5.25738335      0.251847863      0.828000009    
        1554  -5.24103403      0.377281219      0.828000009    
        1556  -5.16911745      0.743585110      0.828000009    
        1558  -5.12409496      0.834659815      0.828000009    
        1560  -5.17018938      0.305685252      0.828000009    
        1562  -5.12336540      0.238295943      0.828000009    
        1564  -5.15794992      -3.67030092E-02  0.828000009    
        1566  -5.03392792      0.497030616      0.828000009    
        1568  -5.02355623      0.651141465      0.828000009    
        1570  -5.22689724     -0.378221273      0.828000009    
        1572  -5.21374464     -0.192005709      0.828000009    
        1574  -5.21875191      0.139055341      0.828000009    
        1576  -5.17375326      0.236190826      0.828000009    
        1578  -5.07993746      0.289144516      0.828000009    
        1580  -5.14642239      0.288827598      0.828000009    
        1582  -5.15876865      0.212971523      0.828000009    
        1584  -5.20079708      -1.18780984E-02  0.828000009    
        1586  -5.21612120      0.119581550      0.828000009    
        1588  -5.20599890      -4.51703370E-02  0.828000009    
        1590  -5.22257376      -3.54221761E-02  0.828000009    
        1592  -5.25320721     -0.241440117      0.828000009    
        1594  -5.18739128      0.276031047      0.828000009    
        1596  -5.28802967     -0.531447828      0.828000009    
        1598  -5.19243717       6.20668903E-02  0.828000009    
        1600  -5.07456684      0.701264322      0.828000009    
        1602  -5.00146770      0.823622823      0.828000009    
        1604  -5.16518927      0.263581991      0.828000009    
        1606  -5.20701170       2.19246075E-02  0.828000009    
        1608  -5.22119522     -0.207201391      0.828000009    
        1610  -5.22676229     -0.414411247      0.828000009    
        1612  -5.05695724      0.441163719      0.828000009    
        1614  -5.25025129       4.02845517E-02  0.828000009    
        1616  -5.22030878      -5.67211919E-02  0.828000009    
        1618  -5.18817091      0.298273683      0.828000009    
        1620  -5.12862635      0.649000049      0.828000009    
        1622  -5.20003319      0.641884983      0.828000009    
        1624  -5.21789455      0.809059858      0.839999974    
        1626  -5.37266779     -0.350231856      0.839999974    
        1628  -5.30749416       1.43048251E-02  0.839999974    
        1630  -5.31953573      0.257188082      0.839999974    
        1632  -5.26275778      0.460141838      0.839999974    
        1634  -5.21587610      0.393615872      0.839999974    
        1636  -5.13056135      0.758937955      0.839999974    
        1638  -5.09630871       1.17770374      0.839999974    
        1640  -5.19239283      0.839370608      0.839999974    
        1642  -5.11364126       1.18042076      0.839999974    
        1644  -5.31116581      0.751896858      0.828000009    
        1646  -5.36870050      0.123973839      0.828000009    
        1648  -5.28349495      0.264994264      0.828000009    
        1650  -5.12461138      0.995240867      0.828000009    
        1652  -5.13867903      0.834371090      0.828000009    
        1654  -5.21363306      0.694145501      0.828000009    
        1656  -5.11564255       1.11050034      0.828000009    
        1658  -4.99563360       1.84224617      0.851999998    
        1660  -5.07092619       1.28345037      0.851999998    
        1662  -5.21496391      0.804603875      0.851999998    
        1664  -5.21585226      0.645967245      0.851999998    
        1666  -5.25239277      0.644981384      0.851999998    
        1668  -5.27486372      0.449797332      0.851999998    
        1670  -5.20858049      0.599783897      0.851999998    
        1672  -5.11712408      0.868485868      0.851999998    
        1674  -5.15921068      0.735061884      0.851999998    
        1676  -5.18104267      0.639692485      0.851999998    
        1678  -5.20257378      0.379884422      0.851999998    
        1680  -5.20399475      0.278964490      0.851999998    
        1682  -5.15170002      0.474991918      0.851999998    
        1684  -5.24772787     -0.105321519      0.851999998    
        1686  -5.20282459      -1.30732898E-02  0.851999998    
        1688  -5.23607206      -1.00710280E-02  0.851999998    
        1690  -5.30366898     -0.432293653      0.851999998    
        1692  -5.27708530     -0.133558333      0.851999998    
        1694  -5.26890993     -0.140533447      0.851999998    
        1696  -5.22900629      0.301289529      0.851999998    
        1698  -5.22688246      0.368001491      0.851999998    
        1700  -5.25713301      0.300259978      0.851999998    
        1702  -5.28553247      0.260050774      0.851999998    
        1704  -5.24034262      0.347353727      0.851999998    
        1706  -5.07869720       1.29973543      0.851999998    
        1708  -5.17421007      0.632442832      0.851999998    
        1710  -5.22412443      0.597721100      0.851999998    
        1712  -5.10179043       1.42550087      0.851999998    
        1714  -5.06249428       1.55591989      0.851999998    
        1716  -5.18461227       1.09432077      0.851999998    
        1718  -5.09546328       1.51697695      0.851999998    
        1720  -5.27716637      0.755658805      0.851999998    
        1722  -5.36365652      0.229334742      0.851999998    
        1724  -5.39925146       7.92116076E-02  0.851999998    
        1726  -5.41117287      -4.41291928E-02  0.851999998    
        1728  -5.24973011      0.628894567      0.851999998    
        1730  -5.19583225      0.740252554      0.851999998    
        1732  -5.18384838      0.983005941      0.851999998    
        1734  -5.37748051      0.256036371      0.851999998    
        1736  -5.29538345      0.863658190      0.864000022    
        1738  -5.28043556      0.834819496      0.864000022    
        1740  -5.45733833      0.340636969      0.864000022    
        1742  -5.29477501      0.908239067      0.851999998    
        1744  -5.31775331      0.984642565      0.851999998    
        1746  -5.33992195      0.465490907      0.851999998    
        1748  -5.33457899      0.453975439      0.851999998    
        1750  -5.42682219      -4.39050607E-02  0.851999998    
        1752  -5.34140062      0.381270707      0.851999998    
        1754  -5.24681473      0.607059956      0.851999998    
        1756  -5.32386017      0.301285684      0.851999998    
        1758  -5.15441227      0.666409671      0.851999998    
        1760  -5.14268017      0.994813800      0.851999998    
        1762  -5.06942320       1.47183847      0.851999998    
        1764  -5.17071104      0.926988006      0.851999998    
        1766  -5.08086157       1.44045651      0.851999998    
        1768  -5.12998724       1.16243458      0.851999998    
        1770  -5.29596472      0.623511672      0.851999998    
        1772  -5.33672094      0.172195062      0.851999998    
        1774  -5.30155802      0.413974345      0.851999998    
        1776  -5.22960234      0.985480428      0.851999998    
        1778  -5.19076872       1.04572201      0.851999998    
        1780  -5.26447439      0.695827067      0.851999998    
        1782  -5.30613995      0.326380700      0.851999998    
        1784  -5.18629837      0.720618963      0.851999998    
        1786  -5.31120300      0.290260106      0.851999998    
        1788  -5.28204536      -1.78090818E-02  0.851999998    
        1790  -5.38538074     -0.346650451      0.851999998    
        1792  -5.25153589      0.574671566      0.851999998    
        1794  -5.09490919       1.06891477      0.851999998    
        1796  -5.10872078       1.14317346      0.851999998    
        1798  -5.19881582      0.759212673      0.851999998    
        1800  -5.20584726      0.663373768      0.851999998    
        1802  -5.16917753      0.832662702      0.851999998    
        1804  -5.25023317      0.136698961      0.851999998    
        1806  -5.20721483      0.675794661      0.851999998    
        1808  -5.20195580      0.372644454      0.851999998    
        1810  -5.26433563       1.25680771E-02  0.851999998    
        1812  -5.18807316      0.108742513      0.851999998    
        1814  -5.13663912      0.660213828      0.851999998    
        1816  -5.22794056       7.06735253E-02  0.851999998    
        1818  -5.24367809       9.96221229E-02  0.851999998    
        1820  -5.27633667      -4.28899303E-02  0.851999998    
        1822  -5.35279036     -0.221929327      0.851999998    
        1824  -5.27035666      0.101138994      0.851999998    
        1826  -5.28779364       9.07045603E-03  0.851999998    
        1828  -5.25750065      0.326086968      0.851999998    
        1830  -5.05229092       1.05392802      0.851999998    
        1832  -4.99464512       1.68072653      0.851999998    
        1834  -5.11608028       1.29477382      0.851999998    
        1836  -5.15370035       1.00719118      0.851999998    
        1838  -5.22185755      0.639228702      0.828000009    
        1840  -5.12913561       1.15735543      0.828000009    
        1842  -5.21691561      0.891634762      0.828000009    
        1844  -5.20219994      0.419676244      0.815999985    
        1846  -5.25172710      0.142201081      0.815999985    
        1848  -5.26368284       1.42871635E-02  0.815999985    
        1850  -5.11309528      0.484483600      0.815999985    
        1852  -5.21279097     -0.116804600      0.815999985    
        1854  -5.09560108      0.221013978      0.815999985    
        1856  -5.15521622       3.49605978E-02  0.804000020    
        1858  -5.23798084     -0.258020908      0.804000020    
        1860  -5.23304844      -3.84828262E-02  0.804000020    
        1862  -5.11749077      0.545279741      0.804000020    
        1864  -5.06302977      0.995739877      0.804000020    
        1866  -5.18604422      0.385530621      0.804000020    
        1868  -5.30307817      0.160388812      0.804000020    
        1870  -5.30405283      -9.53058153E-02  0.804000020    
        1872  -5.14115763      0.490685582      0.804000020    
        1874  -5.26620913      -9.98782441E-02  0.804000020    
        1876  -5.32425165     -0.393398583      0.804000020    
        1878  -5.21635818      0.234784558      0.804000020    
        1880  -5.15320063      0.326034069      0.804000020    
        1882  -5.22605371      -2.31626350E-02  0.804000020    
        1884  -5.18093967      0.659923434      0.815999985    
        1886  -5.00606585       1.59922075      0.815999985    
        1888  -4.96758032       2.15809321      0.815999985    
        1890  -5.07982445       1.79102552      0.815999985    
        1892  -5.21322393      0.813792765      0.815999985    
        1894  -5.27255201      0.606940806      0.815999985    
        1896  -5.29986191       7.39118233E-02  0.815999985    
        1898  -5.15778780       1.00067401      0.815999985    
        1900  -5.21635437       1.01821482      0.815999985    
        1902  -5.16036749       1.29705822      0.828000009    
        1904  -5.21485329       1.17038441      0.828000009    
        1906  -5.23365593       1.39678586      0.828000009    
        1908  -5.22752333       1.71213019      0.828000009    
        1910  -5.26399136       1.47382140      0.828000009    
        1912  -5.34104061      0.881228566      0.828000009    
        1914  -5.28191996      0.853364050      0.828000009    
        1916  -5.30986500      0.496129215      0.828000009    
        1918  -5.38558388     -0.124799252      0.828000009    
        1920  -5.30439377      0.161866754      0.828000009    
        1922  -5.33102751     -0.158779025      0.828000009    
        1924  -5.22243547      0.552408516      0.828000009    
        1926  -5.23434973      0.606998682      0.828000009    
        1928  -5.24880648      0.408580750      0.828000009    
        1930  -5.12808323      0.746761739      0.815999985    
        1932  -5.12522602      0.682993174      0.815999985    
        1934  -5.17048407      0.202989548      0.815999985    
        1936  -5.26554537      -8.76917541E-02  0.815999985    
        1938  -5.21265078      0.346424133      0.815999985    
        1940  -5.30456305       2.55762935E-02  0.815999985    
        1942  -5.29166842      0.256671101      0.815999985    
        1944  -5.24329853      0.463347197      0.815999985    
        1946  -5.14134264      0.792331338      0.815999985    
        1948  -5.11888981      0.857815146      0.815999985    
        1950  -5.19515419      0.364401907      0.815999985    
        1952  -5.22557497      -1.40294004E-02  0.815999985    
        1954  -5.26365471      0.110448338      0.815999985    
        1956  -5.26922035      0.136744484      0.815999985    
        1958  -5.11907959      0.749159157      0.828000009    
        1960  -5.21668673      0.595788240      0.828000009    
        1962  -5.15721893      0.968320787      0.839999974    
        1964  -5.18898439      0.576120973      0.839999974    
        1966  -5.26470184      0.397278219      0.839999974    
        1968  -5.36817694     -0.144407973      0.839999974    
        1970  -5.37554550       2.08302960E-03  0.839999974    
        1972  -5.26137877      0.638997257      0.839999974    
        1974  -5.47900677      -9.77270752E-02  0.839999974    
        1976  -5.46585560     -0.105611920      0.839999974    
        1978  -5.40080118      0.424949437      0.839999974    
        1980  -5.36204338      0.821067989      0.839999974    
        1982  -5.20565462       1.31278241      0.839999974    
        1984  -5.40571737      0.310100019      0.839999974    
        1986  -5.44889307      0.342140436      0.839999974    
        1988  -5.32243824      0.833687603      0.851999998    
        1990  -5.38971043      0.119068444      0.851999998    
        1992  -5.37427807      0.205637947      0.851999998    
        1994  -5.22718048      0.788264871      0.851999998    
        1996  -5.29941416      0.120847695      0.851999998    
        1998  -5.15838051      0.653164446      0.851999998    
        2000  -5.17069721       1.14748526      0.864000022    
