   4.0824829046386304     
          80
  0.17185557712751118     
   3.8834724211031388       0.59096859141988711        1.8680517151503591     
  0.14264710202304220        1.0413457170917804        2.8233965418273130     
   2.9047258768729365       0.42285612065565953        2.7961573095924508     
  0.11329190985987729        3.6650531464911982        1.7931416637214947     
   3.8176254714612892        2.8609547467514522        2.5867641294591142     
   3.9961454013382816        2.0724764530993594       0.87343338899381384     
   4.0535308434018429       0.79883496407790977        3.9019881862261303     
   2.3838615612058232        1.9166232528637168        3.0934887236563697     
   3.3759412135255724        2.8853580211711534        1.2184061601112584     
   3.1555617662384163        1.3797592220177988        1.3470224005456490     
   3.5451375736582595        2.1897761674502867        2.0010894231818157     
  0.91528461108004966        3.4082562300504455        2.6334375409631088     
   2.3850629049991845        3.3996325751274514        1.6040928987363028     
   2.9120250447215370        3.4660661945305313        2.6184870095486867     
   2.9989686502338158        2.9026555617606968        3.3952842003176684     
   1.4341783004693578        2.0754744962195866        3.6527418184748304     
   1.5331012793859708       0.25677865116203635        5.9925803646536671E-002
   1.6155263112039371       0.17298756363173429        1.3780473362356402     
  0.88530346610766308       0.37468683331896480        2.1805330646966348     
   1.1165921176646221        1.0297897052264591        3.1044371997472515     
   1.9414103361549448        1.2175934582858463       0.49179785730101266     
  0.98468484175161508       0.97430634517576742        1.0732525857975808     
  0.21940309991836482        1.5199284259313293        1.6013888200901465     
  0.65556096442277179        1.9726000756530568        2.7692272328913390     
  0.90857474789218251        1.4829052008698980        4.7500479395698368E-002
   1.5223210360193815        3.3248199213371872       0.58147233595085313     
  0.66057967172209120        2.9625255800430419       0.92523879229114603     
   3.1191843078986854        2.1030438436318084        4.0317552549611673     
  0.65384262439737206        3.5814908377850845        2.3342414791117108E-002
   1.1450022831648698        1.9559214510537235       0.90141062013114925     
  0.65622929125347118        3.9685358269391813        1.0168244878657424     
  0.93691989108905882        3.1122111501648972        3.7880250249046181     
   4.0114711861042753       0.28984387105146636        6.6831388691083765E-002
   3.6386721933424391        3.8053542425075477       0.93366043276780941     
  0.66106456780590916        8.5466054398288305E-002   3.2196444484481863     
   2.0518840961549749        1.2296661872957244        1.4789175599325324     
  0.34185645945940579        2.5044977195688571        4.9773958336000228E-002
  0.45312714331837350        2.6040784464086899        1.8956276896000204     
   2.6757034831052557        7.3110318773050631E-002  0.69354853616514145     
   2.1709576182355210        3.5544658350780192        3.4078859250365432     
   2.4075887674762741        2.0893769119128440       0.96324276815934329     
   3.0457417934990407        1.1641392872743250       0.37901996470538296     
   2.3752700131680742        2.3913797782260104        1.9456935957426547     
   4.6255717400888532E-002   2.8554426923635337        3.4884829219357014     
   3.5237958897432007        3.3447324322414524        8.4133181552206920E-002
   2.9371964274191207       0.24991051747555670        1.8043873577539586     
   1.3546940590709611        3.2087952987921788        1.7821249689373180     
   3.0498412976359814        1.1821004687391148        3.5259489376594706     
   3.0980767400916798        2.2215515335423106        5.0538296266710817E-002
   1.9092686086624953        1.3508703047778925        2.4823821334077034     
  0.30974359250594274        3.2791033106970606        4.8534755805495813     
   1.5950017908223506        2.6017551366869989        2.7208834035620511     
   7.4932424147326621E-003   1.7917212096467701        3.9337789958053353     
   2.4587708713532859        4.3518409552373682E-002   4.5408039392546238     
   4.0134509465757571        3.8002463910409432        3.9284475386188444     
   2.9443718309687719        1.4139312605108441        2.4756307615499931     
   1.4482266181538694       0.10249196156078916        3.8394238809486052     
  0.66771608004625582       0.17791185257583600        4.7472037466199266     
  0.62606719764886132        2.2645387318216379        4.9022131452367299     
   3.5949356330885154        4.0352347663832209        4.8569015677650791     
   2.5315008495090812        3.0960778177597943       0.60161356281879308     
   1.5625315687129910        2.6542732076363098        4.7038415651449608     
   1.1742621073406525        1.7153561424426631        1.8711153222517358     
   3.9091408131603504        3.8927790752877391        2.7328803797444245     
   3.1459553677767325       0.17007436980342516        3.7853422269270118     
   1.7838572575722218       0.88116004784892421        4.8895367426771443     
   1.9246352061011047        4.0396307059851981        2.4119857495535877     
   2.1489053570279371       0.72141428725190404        3.5116197400578932     
   3.1638348876494669       0.95429206737281891        4.4968072040327467     
   3.5830675170527688        2.0054472164731361        3.0447771149109419     
   2.5946453843779471        3.2413832561015137        4.9950284123429993     
   2.1462025343905364        1.5806840662593256        4.1521300284279699     
   2.1735792069311919        2.6445810562920351        3.9597563915147242     
   2.5651317124807180        2.1053617214444293        4.9035265174348401     
   4.0069893339753602       0.90768914452796179       0.78759042830724368     
   3.4959452081240370        3.0099643599286807        4.4669429913356034     
   4.0727477751386907        1.1427678320753791        4.8635287790142714     
   1.7884886613925544        2.4524539907584941       0.13393899459518738     
  0.95861276672662077        1.2700367185278472        4.2589445662765337     
   1.5549057904293819        3.8350254456868353        4.9876748701340565     
