           2  -4.83608818       2.20852625E-02  0.779999971    
           4  -4.78249788      0.402035803      0.779999971    
           6  -4.75133944      0.400192738      0.779999971    
           8  -4.85908365     -0.164580822      0.779999971    
          10  -4.78684425      0.294033080      0.779999971    
          12  -4.85438871       1.50798522E-02  0.779999971    
          14  -4.83476400      -3.81542603E-03  0.779999971    
          16  -4.92085028     -0.369211793      0.779999971    
          18  -4.89127350     -0.221321598      0.779999971    
          20  -4.83023834      0.324405760      0.779999971    
          22  -4.88495016      0.148330912      0.791999996    
          24  -4.98526907     -0.393901825      0.791999996    
          26  -5.00164652     -0.404052734      0.791999996    
          28  -4.93764400      0.292255223      0.804000020    
          30  -4.87096405      0.383137792      0.804000020    
          32  -4.92238140      0.248799011      0.804000020    
          34  -4.92859888      0.269679487      0.804000020    
          36  -4.95957518      0.397203743      0.804000020    
          38  -4.94161701      0.181229144      0.804000020    
          40  -4.88155556      0.423635811      0.804000020    
          42  -4.87361574      0.705986381      0.804000020    
          44  -4.98679066      0.491424978      0.804000020    
          46  -5.08648825      0.155087084      0.804000020    
          48  -4.96268702      0.231311262      0.804000020    
          50  -4.97485781      -1.41229834E-02  0.804000020    
          52  -5.05726194     -0.184632093      0.804000020    
          54  -4.89526510      0.384327620      0.804000020    
          56  -4.98503590      0.200811759      0.804000020    
          58  -4.89429855      0.914520204      0.815999985    
          60  -5.06618071       3.23218182E-02  0.815999985    
          62  -4.99209404      0.302735031      0.815999985    
          64  -5.02411079      0.213115454      0.815999985    
          66  -5.13043404       4.71912734E-02  0.815999985    
          68  -4.98453331      0.539542735      0.815999985    
          70  -5.05168915      0.257415414      0.815999985    
          72  -5.13906622       2.48844898E-03  0.815999985    
          74  -5.14362907     -0.497024000      0.815999985    
          76  -5.21978807     -0.827385485      0.815999985    
          78  -5.11570311     -0.250273436      0.815999985    
          80  -5.14342880      -5.22405319E-02  0.815999985    
          82  -5.15146017      0.247844711      0.828000009    
          84  -5.19136143      0.326641589      0.828000009    
          86  -5.13533211      0.792791843      0.828000009    
          88  -5.18942261      0.868315756      0.828000009    
          90  -5.31636858      0.265879333      0.828000009    
          92  -5.28925657      0.150398642      0.828000009    
          94  -5.27899408       5.76559342E-02  0.828000009    
          96  -5.14194870      0.930571914      0.828000009    
          98  -5.17289209      0.914677024      0.828000009    
         100  -5.19187403      0.521272600      0.828000009    
         102  -5.25828075      0.472286850      0.828000009    
         104  -5.13696146      0.862112045      0.828000009    
         106  -5.25908518     -0.125809804      0.828000009    
         108  -5.17102575      0.873602629      0.828000009    
         110  -5.31047916       1.83633957E-02  0.839999974    
         112  -5.28897190      0.333621413      0.839999974    
         114  -5.34846258      0.116224684      0.839999974    
         116  -5.35274267      0.113523796      0.839999974    
         118  -5.21747065      0.575015068      0.839999974    
         120  -5.32835102      -4.36890535E-02  0.839999974    
         122  -5.26469564      0.227357998      0.839999974    
         124  -5.24872971      0.340502918      0.839999974    
         126  -5.32035065     -0.160383165      0.839999974    
         128  -5.27330589      0.120979503      0.839999974    
         130  -5.23139238      0.691358089      0.839999974    
         132  -5.13052368      0.971718967      0.839999974    
         134  -5.26743555      0.187284544      0.839999974    
         136  -5.27899933      0.178674847      0.839999974    
         138  -5.30088282       8.76821205E-02  0.839999974    
         140  -5.19122505      0.596047997      0.839999974    
         142  -5.16376495      0.764191806      0.839999974    
         144  -5.23553371      -6.58132881E-02  0.839999974    
         146  -5.23704052     -0.114882059      0.839999974    
         148  -5.19722939      0.514734447      0.851999998    
         150  -5.28302860      0.138414010      0.851999998    
         152  -5.19131660      0.533620298      0.851999998    
         154  -5.06351709       1.26886702      0.851999998    
         156  -5.33902693     -0.128452346      0.851999998    
         158  -5.28659773      0.255014420      0.851999998    
         160  -5.31769991      0.104919463      0.851999998    
         162  -5.36646652      0.218272790      0.851999998    
         164  -5.37284374      0.188998267      0.851999998    
         166  -5.40658998      -8.16309154E-02  0.851999998    
         168  -5.38202047      0.143066064      0.851999998    
         170  -5.35607862      0.436039835      0.851999998    
         172  -5.21531153       1.45297921      0.851999998    
         174  -5.18877745       1.18413281      0.851999998    
         176  -5.23085260      0.984617174      0.851999998    
         178  -5.18994427       1.40651131      0.851999998    
         180  -5.21891403       1.38099706      0.851999998    
         182  -5.08933687       1.96669972      0.851999998    
         184  -5.14265013       1.60629988      0.851999998    
         186  -5.10647869       1.33685672      0.851999998    
         188  -5.18790674       1.11106551      0.851999998    
         190  -5.18605089       1.46634412      0.851999998    
         192  -5.30304384       1.02163041      0.851999998    
         194  -5.30072021      0.994763792      0.851999998    
         196  -5.26255465      0.922084272      0.851999998    
         198  -5.34774780      0.593805194      0.851999998    
         200  -5.24561691      0.775545537      0.851999998    
         202  -5.23699760      0.974465013      0.851999998    
         204  -5.19996357      0.832333505      0.851999998    
         206  -5.14819860       1.06025875      0.851999998    
         208  -5.15875816      0.777245760      0.851999998    
         210  -5.15318155       1.05167949      0.851999998    
         212  -5.24066973      0.791368961      0.851999998    
         214  -5.09592867       1.13958633      0.851999998    
         216  -5.08079338       1.22370517      0.851999998    
         218  -5.15946627      0.873748779      0.851999998    
         220  -5.13648033      0.887961388      0.851999998    
         222  -5.21914434      0.415721953      0.851999998    
         224  -5.15817070      0.342295468      0.839999974    
         226  -5.10336924      0.757422745      0.839999974    
         228  -5.11195087       1.01749039      0.839999974    
         230  -5.22979450      0.622883439      0.839999974    
         232  -5.19889736      0.822159588      0.839999974    
         234  -5.37181330      0.146917999      0.839999974    
         236  -5.38579941       8.50618035E-02  0.839999974    
         238  -5.37858057      -4.28547449E-02  0.839999974    
         240  -5.15595102      0.918757141      0.839999974    
         242  -5.26102161      0.356860518      0.839999974    
         244  -5.30381346       8.86596832E-03  0.839999974    
         246  -5.27840853      0.236908495      0.839999974    
         248  -5.14145184      0.702951252      0.839999974    
         250  -5.16507626      0.983359993      0.851999998    
         252  -5.28654861      0.307891399      0.851999998    
         254  -5.21288061      0.603371203      0.851999998    
         256  -5.22295094      0.385163069      0.851999998    
         258  -5.12800837      0.827273190      0.851999998    
         260  -5.26884270      -3.26035470E-02  0.851999998    
         262  -5.21360826      0.354639202      0.851999998    
         264  -5.20259476      0.254195064      0.851999998    
         266  -5.10531473      0.612879574      0.851999998    
         268  -5.11894703      0.535664201      0.851999998    
         270  -5.21113157       7.96627849E-02  0.851999998    
         272  -5.25471640      0.132959068      0.851999998    
         274  -5.27139330       8.14064145E-02  0.851999998    
         276  -5.16685724      0.485306948      0.851999998    
         278  -5.12877178      0.901241481      0.851999998    
         280  -5.11071396       1.24015164      0.864000022    
         282  -5.05325317       1.54162574      0.864000022    
         284  -5.11485100       1.12962532      0.864000022    
         286  -5.21188927      0.711054206      0.864000022    
         288  -5.18606663      0.980688810      0.864000022    
         290  -5.08393240       1.55672610      0.864000022    
         292  -5.15951014       1.40896225      0.875999987    
         294  -5.16227198       1.21154344      0.875999987    
         296  -5.26001406      0.965605736      0.875999987    
         298  -5.26771975      0.733787835      0.875999987    
         300  -5.28425455      0.923222363      0.875999987    
         302  -5.30395222      0.588269532      0.875999987    
         304  -5.32092857      0.460016698      0.875999987    
         306  -5.29965353      0.787748635      0.875999987    
         308  -5.27431154      0.790695131      0.875999987    
         310  -5.39555120      0.432026953      0.875999987    
         312  -5.31249762       1.03027761      0.875999987    
         314  -5.19728041       1.58700526      0.875999987    
         316  -5.13296938       1.99651790      0.875999987    
         318  -5.18202209       1.89047694      0.875999987    
         320  -5.25290012       1.13606691      0.875999987    
         322  -5.38654709      0.723960459      0.875999987    
         324  -5.23374414       1.19133675      0.875999987    
         326  -5.25924158      0.777475595      0.875999987    
         328  -5.26383162      0.595501900      0.875999987    
         330  -5.13784075      0.951865852      0.864000022    
         332  -5.12960768       1.09849429      0.864000022    
         334  -5.03888702       1.59284306      0.864000022    
         336  -5.06634998       1.40795088      0.864000022    
         338  -5.04762840       1.50465608      0.864000022    
         340  -5.06864119       1.64838719      0.864000022    
         342  -5.15468979       1.29019606      0.864000022    
         344  -5.06403685       1.58402717      0.864000022    
         346  -5.10672665       1.36835015      0.864000022    
         348  -4.99990129       1.78061879      0.864000022    
         350  -5.07233143       1.68556154      0.864000022    
         352  -5.16605949       1.32771277      0.864000022    
         354  -5.23091650       1.28550148      0.864000022    
         356  -5.25315332       1.28509092      0.875999987    
         358  -5.30781507       1.15980971      0.875999987    
         360  -5.41732407      0.650328696      0.875999987    
         362  -5.42528915      0.914876878      0.875999987    
         364  -5.41895723      0.650335968      0.875999987    
         366  -5.44961786      0.382487446      0.875999987    
         368  -5.57194519     -0.101769261      0.875999987    
         370  -5.46006107      0.537535131      0.875999987    
         372  -5.29633188      0.834763944      0.875999987    
         374  -5.34052467      0.650483131      0.875999987    
         376  -5.33302069      0.713968575      0.875999987    
         378  -5.44869518      0.561248541      0.875999987    
         380  -5.36277819      0.994985342      0.875999987    
         382  -5.42171049       1.01070142      0.875999987    
         384  -5.39865589      0.760036767      0.875999987    
         386  -5.37467480      0.710350633      0.875999987    
         388  -5.23460531       1.42196012      0.875999987    
         390  -5.32508373      0.892736971      0.875999987    
         392  -5.43273497      0.436849982      0.875999987    
         394  -5.37021828      0.804418325      0.875999987    
         396  -5.28653431       1.11151159      0.875999987    
         398  -5.25601339       1.20276964      0.875999987    
         400  -5.25729036      0.911182940      0.875999987    
         402  -5.25531912       1.18508065      0.875999987    
         404  -5.32830715      0.707883775      0.875999987    
         406  -5.48180676     -0.149355665      0.875999987    
         408  -5.35388565      0.906533122      0.875999987    
         410  -5.21720982       1.54832077      0.875999987    
         412  -5.20039082       1.27999544      0.875999987    
         414  -5.22947979       1.22464085      0.875999987    
         416  -5.46146250      0.522035480      0.875999987    
         418  -5.51169062      0.250936300      0.875999987    
         420  -5.50108910      0.226884544      0.875999987    
         422  -5.43555212      0.523893654      0.875999987    
         424  -5.50235367      0.217718452      0.875999987    
         426  -5.37156391      0.815246582      0.875999987    
         428  -5.41217613      0.187185824      0.875999987    
         430  -5.35989904      0.410822600      0.875999987    
         432  -5.37628984      0.185234502      0.875999987    
         434  -5.43846893      0.136255741      0.875999987    
         436  -5.51941395     -0.113357052      0.875999987    
         438  -5.56418610     -0.107861616      0.875999987    
         440  -5.57801437     -0.374335319      0.875999987    
         442  -5.53273916     -0.326769948      0.875999987    
         444  -5.55735016      -4.68141623E-02  0.875999987    
         446  -5.49693680      0.382567406      0.875999987    
         448  -5.32201052       1.14659786      0.875999987    
         450  -5.31043816       1.11677957      0.875999987    
         452  -5.45685101      0.397611111      0.875999987    
         454  -5.29257107       1.33474469      0.875999987    
         456  -5.20843458       1.82180226      0.875999987    
         458  -5.29773092       1.52991676      0.875999987    
         460  -5.35430717       1.26632595      0.875999987    
         462  -5.43441820      0.706631958      0.875999987    
         464  -5.36181211       1.10802448      0.875999987    
         466  -5.42735672       1.00583029      0.875999987    
         468  -5.42848206      0.802481115      0.875999987    
         470  -5.25387955       1.56309152      0.875999987    
         472  -5.39522409      0.814334512      0.875999987    
         474  -5.39098215      0.794089139      0.875999987    
         476  -5.38192654      0.862752795      0.875999987    
         478  -5.26274824       1.95108211      0.875999987    
         480  -5.45133781      0.686886132      0.875999987    
         482  -5.50446415      0.594644904      0.875999987    
         484  -5.46079063      0.674467146      0.875999987    
         486  -5.49248886      0.417244464      0.875999987    
         488  -5.26366329       1.71511960      0.875999987    
         490  -5.25968695       1.64641678      0.875999987    
         492  -5.30443335       1.47582901      0.875999987    
         494  -5.35067940      0.775978982      0.875999987    
         496  -5.29500628       1.31169784      0.875999987    
         498  -5.35680723       1.04517221      0.875999987    
         500  -5.47858620      0.669110656      0.875999987    
